1	-0.000000e+000	-123.428	1	1	0.0	1.000000e+000	1.000000e+000	1.000000e+000	2.000000e+001	0.8916E-02	0.1034E+00
2	-3.000000e+000	-120.498	1	1	0.0	1.000000e+000	1.000000e+000	1.000000e+000	2.000000e+001	0.9110E-02	0.1041E+00
3	-6.000000e+000	-117.763	1	1	0.0	1.000000e+000	1.000000e+000	1.000000e+000	2.000000e+001	0.9216E-02	0.1053E+00
4	-9.000000e+000	-115.200	1	1	1.0	1.000000e+000	1.000000e+000	1.000000e+000	2.000000e+001	0.9273E-02	0.1060E+00
5	-1.200000e+001	-112.788	1	1	1.0	1.000000e+000	1.000000e+000	1.000000e+000	2.000000e+001	0.9287E-02	0.1063E+00
6	-1.500000e+001	-110.511	1	1	1.0	1.000000e+000	1.000000e+000	1.000000e+000	2.000000e+001	0.9262E-02	0.1057E+00
7	-1.800000e+001	-108.356	1	1	0.9615385875384695	1.000000e+000	1.000000e+000	1.000000e+000	2.000000e+001	0.9211E-02	0.1048E+00
8	-2.100000e+001	-106.312	1	1	0.8653847053846211	1.000000e+000	1.000000e+000	1.000000e+000	2.000000e+001	0.9146E-02	0.1037E+00
9	-2.400000e+001	-104.369	1	1	0.7692308232307726	1.000000e+000	1.000000e+000	1.000000e+000	2.000000e+001	0.9078E-02	0.1025E+00
10	-2.700000e+001	-102.518	1	1	0.6730769410769242	1.000000e+000	1.000000e+000	1.000000e+000	2.000000e+001	0.9019E-02	0.1017E+00
11	-3.000000e+001	-100.751	1	1	0.5769230589230757	1.000000e+000	1.000000e+000	1.000000e+000	2.000000e+001	0.8968E-02	0.1010E+00
12	-3.300000e+001	-99.061	1	1	0.48076917676922726	1.000000e+000	1.000000e+000	1.000000e+000	2.000000e+001	0.8926E-02	0.1004E+00
13	-3.600000e+001	-97.441	1	1	0.38461529461537886	1.000000e+000	1.000000e+000	1.000000e+000	2.000000e+001	0.8894E-02	0.1001E+00
14	-3.900000e+001	-95.887	1	1	0.2884616464615454	1.000000e+000	1.000000e+000	1.000000e+000	2.000000e+001	0.8869E-02	0.9981E-01
15	-4.200000e+001	-94.387	1	1	0.1923077643076969	1.000000e+000	1.000000e+000	1.000000e+000	2.000000e+001	0.8850E-02	0.9960E-01
16	-4.500000e+001	-92.931	1	1	0.09615388215384844	1.000000e+000	1.000000e+000	1.000000e+000	2.000000e+001	0.8836E-02	0.9945E-01
17	-4.800000e+001	-91.511	1	1	0.0	1.000000e+000	1.000000e+000	1.000000e+000	2.000000e+001	0.8825E-02	0.9934E-01
18	-5.100000e+001	-90.123	1	1	0.0	1.000000e+000	1.000000e+000	1.000000e+000	2.000000e+001	0.8816E-02	0.9927E-01
19	-5.400000e+001	-88.763	1	1	0.0	1.000000e+000	1.000000e+000	1.000000e+000	2.000000e+001	0.8810E-02	0.9922E-01
20	-5.700000e+001	-87.428	1	1	0.0	1.000000e+000	1.000000e+000	1.000000e+000	2.000000e+001	0.8805E-02	0.9917E-01
21	-6.000000e+001	-86.114	1	1	0.0	1.000000e+000	1.000000e+000	1.000000e+000	2.000000e+001	0.8801E-02	0.9915E-01
22	-6.300000e+001	-84.817	1	1	0.0	1.000000e+000	1.000000e+000	1.000000e+000	2.000000e+001	0.8799E-02	0.9913E-01
23	-6.600000e+001	-83.535	1	1	0.0	1.000000e+000	1.000000e+000	1.000000e+000	2.000000e+001	0.8797E-02	0.9912E-01
24	-6.900000e+001	-82.265	1	1	0.0	1.000000e+000	1.000000e+000	1.000000e+000	2.000000e+001	0.8795E-02	0.9911E-01
25	-7.200000e+001	-81.004	1	1	0.0	1.000000e+000	1.000000e+000	1.000000e+000	2.000000e+001	0.8794E-02	0.9910E-01
26	-7.500000e+001	-79.749	1	1	0.0	1.000000e+000	1.000000e+000	1.000000e+000	2.000000e+001	0.8794E-02	0.9910E-01
27	-7.800000e+001	-78.498	1	1	0.0	1.000000e+000	1.000000e+000	1.000000e+000	2.000000e+001	0.8793E-02	0.9910E-01
28	-8.100000e+001	-77.247	1	1	0.0	1.000000e+000	1.000000e+000	1.000000e+000	2.000000e+001	0.8793E-02	0.9909E-01
29	-8.400000e+001	-75.996	1	1	0.0	1.000000e+000	1.000000e+000	1.000000e+000	2.000000e+001	0.8792E-02	0.9909E-01
30	-8.700000e+001	-74.736	1	1	0.0	1.000000e+000	1.000000e+000	1.000000e+000	2.000000e+001	0.8792E-02	0.9909E-01
31	-9.000000e+001	-73.459	1	1	0.0	1.000000e+000	1.000000e+000	1.000000e+000	2.000000e+001	0.8792E-02	0.9909E-01
32	-9.300000e+001	-72.162	1	1	0.0	1.000000e+000	1.000000e+000	1.000000e+000	2.000000e+001	0.8792E-02	0.9909E-01
33	-9.600000e+001	-70.843	1	1	0.0	1.000000e+000	1.000000e+000	1.000000e+000	2.000000e+001	0.8792E-02	0.9909E-01
34	-9.900000e+001	-69.501	1	1	0.0	1.000000e+000	1.000000e+000	1.000000e+000	2.000000e+001	0.8792E-02	0.9909E-01
35	-1.020000e+002	-68.136	1	1	0.0	1.000000e+000	1.000000e+000	1.000000e+000	2.000000e+001	0.8792E-02	0.9909E-01
36	-1.050000e+002	-66.746	1	1	0.0	1.000000e+000	1.000000e+000	1.000000e+000	2.000000e+001	0.8792E-02	0.9909E-01
37	-1.080000e+002	-65.331	1	1	0.0	1.000000e+000	1.000000e+000	1.000000e+000	2.000000e+001	0.8792E-02	0.9909E-01
38	-1.110000e+002	-63.891	1	1	0.0	1.000000e+000	1.000000e+000	1.000000e+000	2.000000e+001	0.8792E-02	0.9909E-01
39	-1.140000e+002	-62.424	1	1	0.0	1.000000e+000	1.000000e+000	1.000000e+000	2.000000e+001	0.8791E-02	0.9909E-01
40	-1.170000e+002	-60.931	1	1	0.0	1.000000e+000	1.000000e+000	1.000000e+000	2.000000e+001	0.8791E-02	0.9909E-01
41	-1.200000e+002	-59.408	1	1	0.0	1.000000e+000	1.000000e+000	1.000000e+000	2.000000e+001	0.8791E-02	0.9909E-01
42	-1.230000e+002	-57.850	1	1	0.0	1.000000e+000	1.000000e+000	1.000000e+000	2.000000e+001	0.8791E-02	0.9909E-01
43	-1.260000e+002	-56.252	1	1	0.0	1.000000e+000	1.000000e+000	1.000000e+000	2.000000e+001	0.8791E-02	0.9909E-01
44	-1.290000e+002	-54.615	1	1	0.0	1.000000e+000	1.000000e+000	1.000000e+000	2.000000e+001	0.8791E-02	0.9909E-01
45	-1.320000e+002	-52.941	1	1	0.0	1.000000e+000	1.000000e+000	1.000000e+000	2.000000e+001	0.8791E-02	0.9909E-01
46	-1.350000e+002	-51.230	1	1	0.0	1.000000e+000	1.000000e+000	1.000000e+000	2.000000e+001	0.8790E-02	0.9909E-01
47	-1.380000e+002	-49.484	1	1	0.0	1.000000e+000	1.000000e+000	1.000000e+000	2.000000e+001	0.8790E-02	0.9909E-01
48	-1.410000e+002	-47.703	1	1	0.0	1.000000e+000	1.000000e+000	1.000000e+000	2.000000e+001	0.8790E-02	0.9909E-01
49	-1.440000e+002	-45.882	1	1	0.0	1.000000e+000	1.000000e+000	1.000000e+000	2.000000e+001	0.8790E-02	0.9909E-01
50	-1.470000e+002	-44.019	1	1	0.0	1.000000e+000	1.000000e+000	1.000000e+000	2.000000e+001	0.8790E-02	0.9909E-01
51	-1.500000e+002	-42.115	1	1	0.0	1.000000e+000	1.000000e+000	1.000000e+000	2.000000e+001	0.8789E-02	0.9909E-01
52	-1.530000e+002	-40.172	1	1	0.0	1.000000e+000	1.000000e+000	1.000000e+000	2.000000e+001	0.8789E-02	0.9909E-01
53	-1.560000e+002	-38.192	1	1	0.0	1.000000e+000	1.000000e+000	1.000000e+000	2.000000e+001	0.8789E-02	0.9909E-01
54	-1.590000e+002	-36.172	1	1	0.0	1.000000e+000	1.000000e+000	1.000000e+000	2.000000e+001	0.8789E-02	0.9909E-01
55	-1.620000e+002	-34.112	1	1	0.0	1.000000e+000	1.000000e+000	1.000000e+000	2.000000e+001	0.8789E-02	0.9909E-01
56	-1.650000e+002	-32.012	1	1	0.0	1.000000e+000	1.000000e+000	1.000000e+000	2.000000e+001	0.8788E-02	0.9909E-01
57	-1.680000e+002	-29.874	1	1	0.0	1.000000e+000	1.000000e+000	1.000000e+000	2.000000e+001	0.8788E-02	0.9909E-01
58	-1.710000e+002	-27.699	1	1	0.0	1.000000e+000	1.000000e+000	1.000000e+000	2.000000e+001	0.8788E-02	0.9909E-01
59	-1.740000e+002	-25.483	1	1	0.0	1.000000e+000	1.000000e+000	1.000000e+000	2.000000e+001	0.8788E-02	0.9909E-01
60	-1.770000e+002	-23.231	1	1	0.0	1.000000e+000	1.000000e+000	1.000000e+000	2.000000e+001	0.8788E-02	0.9909E-01
61	-1.800000e+002	-20.941	1	1	0.0	1.000000e+000	1.000000e+000	1.000000e+000	2.000000e+001	0.8787E-02	0.9909E-01
62	-1.830000e+002	-18.613	1	1	0.0	1.000000e+000	1.000000e+000	1.000000e+000	2.000000e+001	0.8787E-02	0.9909E-01
63	-1.860000e+002	-16.249	1	1	0.0	1.000000e+000	1.000000e+000	1.000000e+000	2.000000e+001	0.8787E-02	0.9909E-01
64	-1.890000e+002	-13.848	1	1	0.0	1.000000e+000	1.000000e+000	1.000000e+000	2.000000e+001	0.8787E-02	0.9909E-01
65	-1.920000e+002	-11.410	1	1	0.0	1.000000e+000	1.000000e+000	1.000000e+000	2.000000e+001	0.8787E-02	0.9909E-01
66	-1.950000e+002	-8.935	1	1	0.0	1.000000e+000	1.000000e+000	1.000000e+000	2.000000e+001	0.8786E-02	0.9909E-01
67	-1.980000e+002	-6.422	1	1	0.0	1.000000e+000	1.000000e+000	1.000000e+000	2.000000e+001	0.8786E-02	0.9909E-01
68	-2.010000e+002	-3.870	1	1	0.0	1.000000e+000	1.000000e+000	1.000000e+000	2.000000e+001	0.8786E-02	0.9909E-01
69	-2.040000e+002	-1.271	1	1	0.0	1.000000e+000	1.000000e+000	1.000000e+000	2.000000e+001	0.8786E-02	0.9909E-01
70	-2.070000e+002	1.374	1	1	0.0	1.000000e+000	1.000000e+000	1.000000e+000	2.000000e+001	0.8785E-02	0.9909E-01
71	-2.100000e+002	4.040	1	1	0.0	1.000000e+000	1.000000e+000	1.000000e+000	2.000000e+001	0.8785E-02	0.9909E-01
72	-2.130000e+002	6.706	1	1	0.0	1.000000e+000	1.000000e+000	1.000000e+000	2.000000e+001	0.8785E-02	0.9909E-01
73	-2.160000e+002	9.373	1	1	0.0	1.000000e+000	1.000000e+000	1.000000e+000	2.000000e+001	0.8785E-02	0.9909E-01
74	-2.190000e+002	12.039	1	1	0.0	1.000000e+000	1.000000e+000	1.000000e+000	2.000000e+001	0.8785E-02	0.9909E-01
75	-2.220000e+002	14.705	1	1	0.0	1.000000e+000	1.000000e+000	1.000000e+000	2.000000e+001	0.8784E-02	0.9908E-01
76	-2.250000e+002	17.371	1	1	0.0	1.000000e+000	1.000000e+000	1.000000e+000	2.000000e+001	0.8784E-02	0.9908E-01
77	-2.280000e+002	20.037	1	1	0.0	1.000000e+000	1.000000e+000	1.000000e+000	2.000000e+001	0.8783E-02	0.9907E-01
78	-2.310000e+002	22.703	1	1	0.0	1.000000e+000	1.000000e+000	1.000000e+000	2.000000e+001	0.8783E-02	0.9907E-01
79	-2.340000e+002	25.370	1	1	0.0	1.000000e+000	1.000000e+000	1.000000e+000	2.000000e+001	0.8782E-02	0.9906E-01
80	-2.370000e+002	28.036	1	1	0.0	1.000000e+000	1.000000e+000	1.000000e+000	2.000000e+001	0.8781E-02	0.9905E-01
81	-2.400000e+002	30.702	1	1	0.0	1.000000e+000	1.000000e+000	1.000000e+000	2.000000e+001	0.8780E-02	0.9904E-01
82	-2.430000e+002	33.368	1	1	0.0	1.000000e+000	1.000000e+000	1.000000e+000	2.000000e+001	0.8779E-02	0.9903E-01
83	-2.460000e+002	36.034	1	1	0.0	1.000000e+000	1.000000e+000	1.000000e+000	2.000000e+001	0.8778E-02	0.9902E-01
84	-2.490000e+002	38.700	1	1	0.0	1.000000e+000	1.000000e+000	1.000000e+000	2.000000e+001	0.8777E-02	0.9901E-01
85	-2.520000e+002	41.367	1	1	0.0	1.000000e+000	1.000000e+000	1.000000e+000	2.000000e+001	0.8776E-02	0.9899E-01
86	-2.550000e+002	44.033	1	1	0.0	1.000000e+000	1.000000e+000	1.000000e+000	2.000000e+001	0.8774E-02	0.9897E-01
87	-2.580000e+002	46.699	1	1	0.0	1.000000e+000	1.000000e+000	1.000000e+000	2.000000e+001	0.8772E-02	0.9895E-01
88	-2.610000e+002	49.365	1	1	0.0	1.000000e+000	1.000000e+000	1.000000e+000	2.000000e+001	0.8770E-02	0.9893E-01
89	-2.640000e+002	52.031	1	1	0.0	1.000000e+000	1.000000e+000	1.000000e+000	2.000000e+001	0.8767E-02	0.9891E-01
90	-2.670000e+002	54.697	1	1	0.0	1.000000e+000	1.000000e+000	1.000000e+000	2.000000e+001	0.8764E-02	0.9888E-01
91	-2.700000e+002	57.364	1	1	0.0	1.000000e+000	1.000000e+000	1.000000e+000	2.000000e+001	0.8761E-02	0.9884E-01
92	-2.730000e+002	60.030	1	1	0.0	1.000000e+000	1.000000e+000	1.000000e+000	2.000000e+001	0.8756E-02	0.9880E-01
93	-2.760000e+002	62.696	1	1	0.0	1.000000e+000	1.000000e+000	1.000000e+000	2.000000e+001	0.8751E-02	0.9875E-01
94	-2.790000e+002	65.362	1	1	0.0	1.000000e+000	1.000000e+000	1.000000e+000	2.000000e+001	0.8745E-02	0.9869E-01
95	-2.820000e+002	68.028	1	1	0.0	1.000000e+000	1.000000e+000	1.000000e+000	2.000000e+001	0.8738E-02	0.9861E-01
96	-2.850000e+002	70.694	1	1	0.0	1.000000e+000	1.000000e+000	1.000000e+000	2.000000e+001	0.8730E-02	0.9852E-01
97	-2.880000e+002	73.361	1	1	0.0	1.000000e+000	1.000000e+000	1.000000e+000	2.000000e+001	0.8721E-02	0.9841E-01
98	-2.910000e+002	76.027	1	1	0.0	1.000000e+000	1.000000e+000	1.000000e+000	2.000000e+001	0.8711E-02	0.9825E-01
99	-2.940000e+002	78.693	1	1	0.0	1.000000e+000	1.000000e+000	1.000000e+000	2.000000e+001	0.8700E-02	0.9804E-01
100	-2.970000e+002	81.359	1	1	0.0	1.000000e+000	1.000000e+000	1.000000e+000	2.000000e+001	0.8691E-02	0.9755E-01
101	-3.000000e+002	84.025	1	1	0.0	1.000000e+000	1.000000e+000	1.000000e+000	2.000000e+001	0.8691E-02	0.9637E-01
