1	-0.000000e+000	-254.347	1	1	0.0	1.000000e+000	1.000000e+000	1.000000e+000	2.000000e+001	0.8080E-02	0.9031E-01
2	-3.000000e+000	-250.975	1	1	0.0	1.000000e+000	1.000000e+000	1.000000e+000	2.000000e+001	0.8026E-02	0.9027E-01
3	-6.000000e+000	-247.525	1	1	0.0	1.000000e+000	1.000000e+000	1.000000e+000	2.000000e+001	0.8218E-02	0.9255E-01
4	-9.000000e+000	-244.010	1	1	1.0	1.000000e+000	1.000000e+000	1.000000e+000	2.000000e+001	0.8418E-02	0.9490E-01
5	-1.200000e+001	-240.433	1	1	1.0	1.000000e+000	1.000000e+000	1.000000e+000	2.000000e+001	0.8590E-02	0.9691E-01
6	-1.500000e+001	-236.808	1	1	1.0	1.000000e+000	1.000000e+000	1.000000e+000	2.000000e+001	0.8722E-02	0.9844E-01
7	-1.800000e+001	-233.148	1	1	1.0	1.000000e+000	1.000000e+000	1.000000e+000	2.000000e+001	0.8816E-02	0.9951E-01
8	-2.100000e+001	-229.462	1	1	1.0	1.000000e+000	1.000000e+000	1.000000e+000	2.000000e+001	0.8882E-02	0.1003E+00
9	-2.400000e+001	-225.761	1	1	0.9895831848333453	1.000000e+000	1.000000e+000	1.000000e+000	2.000000e+001	0.8913E-02	0.1007E+00
10	-2.700000e+001	-222.050	1	1	0.9374999730000022	1.000000e+000	1.000000e+000	1.000000e+000	2.000000e+001	0.8924E-02	0.1008E+00
11	-3.000000e+001	-218.336	1	1	0.885416761166659	1.000000e+000	1.000000e+000	1.000000e+000	2.000000e+001	0.8922E-02	0.1008E+00
12	-3.300000e+001	-214.623	1	1	0.8333331173333507	1.000000e+000	1.000000e+000	1.000000e+000	2.000000e+001	0.8908E-02	0.1006E+00
13	-3.600000e+001	-210.916	1	1	0.7812499055000076	1.000000e+000	1.000000e+000	1.000000e+000	2.000000e+001	0.8892E-02	0.1004E+00
14	-3.900000e+001	-207.217	1	1	0.7291666936666645	1.000000e+000	1.000000e+000	1.000000e+000	2.000000e+001	0.8875E-02	0.1002E+00
15	-4.200000e+001	-203.529	1	1	0.6770834818333215	1.000000e+000	1.000000e+000	1.000000e+000	2.000000e+001	0.8861E-02	0.1000E+00
16	-4.500000e+001	-199.853	1	1	0.624999838000013	1.000000e+000	1.000000e+000	1.000000e+000	2.000000e+001	0.8852E-02	0.9992E-01
17	-4.800000e+001	-196.193	1	1	0.5729166261666699	1.000000e+000	1.000000e+000	1.000000e+000	2.000000e+001	0.8846E-02	0.9986E-01
18	-5.100000e+001	-192.547	1	1	0.5208334143333269	1.000000e+000	1.000000e+000	1.000000e+000	2.000000e+001	0.8838E-02	0.9976E-01
19	-5.400000e+001	-188.924	1	1	0.46874977050001837	1.000000e+000	1.000000e+000	1.000000e+000	2.000000e+001	0.8830E-02	0.9967E-01
20	-5.700000e+001	-185.333	1	1	0.41666655866667535	1.000000e+000	1.000000e+000	1.000000e+000	2.000000e+001	0.8823E-02	0.9959E-01
21	-6.000000e+001	-181.773	1	1	0.36458334683333227	1.000000e+000	1.000000e+000	1.000000e+000	2.000000e+001	0.8817E-02	0.9951E-01
22	-6.300000e+001	-178.243	1	1	0.31250013499998924	1.000000e+000	1.000000e+000	1.000000e+000	2.000000e+001	0.8810E-02	0.9943E-01
23	-6.600000e+001	-174.740	1	1	0.26041649116668075	1.000000e+000	1.000000e+000	1.000000e+000	2.000000e+001	0.8805E-02	0.9937E-01
24	-6.900000e+001	-171.264	1	1	0.20833327933333767	1.000000e+000	1.000000e+000	1.000000e+000	2.000000e+001	0.8800E-02	0.9930E-01
25	-7.200000e+001	-167.812	1	1	0.15625006749999462	1.000000e+000	1.000000e+000	1.000000e+000	2.000000e+001	0.8795E-02	0.9924E-01
26	-7.500000e+001	-164.382	1	1	0.10416685566665156	1.000000e+000	1.000000e+000	1.000000e+000	2.000000e+001	0.8791E-02	0.9919E-01
27	-7.800000e+001	-160.975	1	1	0.05208321183334306	1.000000e+000	1.000000e+000	1.000000e+000	2.000000e+001	0.8788E-02	0.9915E-01
28	-8.100000e+001	-157.587	1	1	0.0	1.000000e+000	1.000000e+000	1.000000e+000	2.000000e+001	0.8786E-02	0.9912E-01
29	-8.400000e+001	-154.219	1	1	0.0	1.000000e+000	1.000000e+000	1.000000e+000	2.000000e+001	0.8784E-02	0.9910E-01
30	-8.700000e+001	-150.870	1	1	0.0	1.000000e+000	1.000000e+000	1.000000e+000	2.000000e+001	0.8783E-02	0.9909E-01
31	-9.000000e+001	-147.544	1	1	0.0	1.000000e+000	1.000000e+000	1.000000e+000	2.000000e+001	0.8783E-02	0.9909E-01
32	-9.300000e+001	-144.240	1	1	0.0	1.000000e+000	1.000000e+000	1.000000e+000	2.000000e+001	0.8783E-02	0.9909E-01
33	-9.600000e+001	-140.958	1	1	0.0	1.000000e+000	1.000000e+000	1.000000e+000	2.000000e+001	0.8784E-02	0.9909E-01
34	-9.900000e+001	-137.694	1	1	0.0	1.000000e+000	1.000000e+000	1.000000e+000	2.000000e+001	0.8784E-02	0.9909E-01
35	-1.020000e+002	-134.447	1	1	0.0	1.000000e+000	1.000000e+000	1.000000e+000	2.000000e+001	0.8784E-02	0.9909E-01
36	-1.050000e+002	-131.214	1	1	0.0	1.000000e+000	1.000000e+000	1.000000e+000	2.000000e+001	0.8784E-02	0.9909E-01
37	-1.080000e+002	-127.996	1	1	0.0	1.000000e+000	1.000000e+000	1.000000e+000	2.000000e+001	0.8784E-02	0.9909E-01
38	-1.110000e+002	-124.790	1	1	0.0	1.000000e+000	1.000000e+000	1.000000e+000	2.000000e+001	0.8784E-02	0.9909E-01
39	-1.140000e+002	-121.595	1	1	0.0	1.000000e+000	1.000000e+000	1.000000e+000	2.000000e+001	0.8784E-02	0.9909E-01
40	-1.170000e+002	-118.413	1	1	0.0	1.000000e+000	1.000000e+000	1.000000e+000	2.000000e+001	0.8784E-02	0.9909E-01
41	-1.200000e+002	-115.243	1	1	0.0	1.000000e+000	1.000000e+000	1.000000e+000	2.000000e+001	0.8784E-02	0.9909E-01
42	-1.230000e+002	-112.084	1	1	0.0	1.000000e+000	1.000000e+000	1.000000e+000	2.000000e+001	0.8784E-02	0.9909E-01
43	-1.260000e+002	-108.937	1	1	0.0	1.000000e+000	1.000000e+000	1.000000e+000	2.000000e+001	0.8784E-02	0.9909E-01
44	-1.290000e+002	-105.799	1	1	0.0	1.000000e+000	1.000000e+000	1.000000e+000	2.000000e+001	0.8784E-02	0.9909E-01
45	-1.320000e+002	-102.670	1	1	0.0	1.000000e+000	1.000000e+000	1.000000e+000	2.000000e+001	0.8784E-02	0.9909E-01
46	-1.350000e+002	-99.548	1	1	0.0	1.000000e+000	1.000000e+000	1.000000e+000	2.000000e+001	0.8784E-02	0.9909E-01
47	-1.380000e+002	-96.434	1	1	0.0	1.000000e+000	1.000000e+000	1.000000e+000	2.000000e+001	0.8785E-02	0.9909E-01
48	-1.410000e+002	-93.326	1	1	0.0	1.000000e+000	1.000000e+000	1.000000e+000	2.000000e+001	0.8785E-02	0.9909E-01
49	-1.440000e+002	-90.226	1	1	0.0	1.000000e+000	1.000000e+000	1.000000e+000	2.000000e+001	0.8785E-02	0.9909E-01
50	-1.470000e+002	-87.133	1	1	0.0	1.000000e+000	1.000000e+000	1.000000e+000	2.000000e+001	0.8785E-02	0.9909E-01
51	-1.500000e+002	-84.046	1	1	0.0	1.000000e+000	1.000000e+000	1.000000e+000	2.000000e+001	0.8785E-02	0.9909E-01
52	-1.530000e+002	-80.964	1	1	0.0	1.000000e+000	1.000000e+000	1.000000e+000	2.000000e+001	0.8785E-02	0.9909E-01
53	-1.560000e+002	-77.887	1	1	0.0	1.000000e+000	1.000000e+000	1.000000e+000	2.000000e+001	0.8785E-02	0.9909E-01
54	-1.590000e+002	-74.815	1	1	0.0	1.000000e+000	1.000000e+000	1.000000e+000	2.000000e+001	0.8785E-02	0.9909E-01
55	-1.620000e+002	-71.747	1	1	0.0	1.000000e+000	1.000000e+000	1.000000e+000	2.000000e+001	0.8785E-02	0.9909E-01
56	-1.650000e+002	-68.684	1	1	0.0	1.000000e+000	1.000000e+000	1.000000e+000	2.000000e+001	0.8785E-02	0.9909E-01
57	-1.680000e+002	-65.625	1	1	0.0	1.000000e+000	1.000000e+000	1.000000e+000	2.000000e+001	0.8785E-02	0.9909E-01
58	-1.710000e+002	-62.570	1	1	0.0	1.000000e+000	1.000000e+000	1.000000e+000	2.000000e+001	0.8785E-02	0.9909E-01
59	-1.740000e+002	-59.518	1	1	0.0	1.000000e+000	1.000000e+000	1.000000e+000	2.000000e+001	0.8785E-02	0.9909E-01
60	-1.770000e+002	-56.469	1	1	0.0	1.000000e+000	1.000000e+000	1.000000e+000	2.000000e+001	0.8785E-02	0.9909E-01
61	-1.800000e+002	-53.423	1	1	0.0	1.000000e+000	1.000000e+000	1.000000e+000	2.000000e+001	0.8785E-02	0.9909E-01
62	-1.830000e+002	-50.381	1	1	0.0	1.000000e+000	1.000000e+000	1.000000e+000	2.000000e+001	0.8785E-02	0.9909E-01
63	-1.860000e+002	-47.341	1	1	0.0	1.000000e+000	1.000000e+000	1.000000e+000	2.000000e+001	0.8785E-02	0.9909E-01
64	-1.890000e+002	-44.303	1	1	0.0	1.000000e+000	1.000000e+000	1.000000e+000	2.000000e+001	0.8785E-02	0.9909E-01
65	-1.920000e+002	-41.269	1	1	0.0	1.000000e+000	1.000000e+000	1.000000e+000	2.000000e+001	0.8785E-02	0.9909E-01
66	-1.950000e+002	-38.236	1	1	0.0	1.000000e+000	1.000000e+000	1.000000e+000	2.000000e+001	0.8785E-02	0.9909E-01
67	-1.980000e+002	-35.205	1	1	0.0	1.000000e+000	1.000000e+000	1.000000e+000	2.000000e+001	0.8785E-02	0.9909E-01
68	-2.010000e+002	-32.177	1	1	0.0	1.000000e+000	1.000000e+000	1.000000e+000	2.000000e+001	0.8785E-02	0.9909E-01
69	-2.040000e+002	-29.150	1	1	0.0	1.000000e+000	1.000000e+000	1.000000e+000	2.000000e+001	0.8785E-02	0.9909E-01
70	-2.070000e+002	-26.125	1	1	0.0	1.000000e+000	1.000000e+000	1.000000e+000	2.000000e+001	0.8785E-02	0.9909E-01
71	-2.100000e+002	-23.102	1	1	0.0	1.000000e+000	1.000000e+000	1.000000e+000	2.000000e+001	0.8785E-02	0.9909E-01
72	-2.130000e+002	-20.080	1	1	0.0	1.000000e+000	1.000000e+000	1.000000e+000	2.000000e+001	0.8785E-02	0.9909E-01
73	-2.160000e+002	-17.060	1	1	0.0	1.000000e+000	1.000000e+000	1.000000e+000	2.000000e+001	0.8785E-02	0.9909E-01
74	-2.190000e+002	-14.042	1	1	0.0	1.000000e+000	1.000000e+000	1.000000e+000	2.000000e+001	0.8785E-02	0.9909E-01
75	-2.220000e+002	-11.025	1	1	0.0	1.000000e+000	1.000000e+000	1.000000e+000	2.000000e+001	0.8784E-02	0.9908E-01
76	-2.250000e+002	-8.009	1	1	0.0	1.000000e+000	1.000000e+000	1.000000e+000	2.000000e+001	0.8784E-02	0.9908E-01
77	-2.280000e+002	-4.995	1	1	0.0	1.000000e+000	1.000000e+000	1.000000e+000	2.000000e+001	0.8783E-02	0.9907E-01
78	-2.310000e+002	-1.982	1	1	0.0	1.000000e+000	1.000000e+000	1.000000e+000	2.000000e+001	0.8783E-02	0.9907E-01
79	-2.340000e+002	1.029	1	1	0.0	1.000000e+000	1.000000e+000	1.000000e+000	2.000000e+001	0.8782E-02	0.9906E-01
80	-2.370000e+002	4.039	1	1	0.0	1.000000e+000	1.000000e+000	1.000000e+000	2.000000e+001	0.8781E-02	0.9905E-01
81	-2.400000e+002	7.049	1	1	0.0	1.000000e+000	1.000000e+000	1.000000e+000	2.000000e+001	0.8781E-02	0.9904E-01
82	-2.430000e+002	10.059	1	1	0.0	1.000000e+000	1.000000e+000	1.000000e+000	2.000000e+001	0.8780E-02	0.9903E-01
83	-2.460000e+002	13.069	1	1	0.0	1.000000e+000	1.000000e+000	1.000000e+000	2.000000e+001	0.8779E-02	0.9902E-01
84	-2.490000e+002	16.079	1	1	0.0	1.000000e+000	1.000000e+000	1.000000e+000	2.000000e+001	0.8778E-02	0.9901E-01
85	-2.520000e+002	19.089	1	1	0.0	1.000000e+000	1.000000e+000	1.000000e+000	2.000000e+001	0.8776E-02	0.9899E-01
86	-2.550000e+002	22.099	1	1	0.0	1.000000e+000	1.000000e+000	1.000000e+000	2.000000e+001	0.8774E-02	0.9897E-01
87	-2.580000e+002	25.109	1	1	0.0	1.000000e+000	1.000000e+000	1.000000e+000	2.000000e+001	0.8772E-02	0.9895E-01
88	-2.610000e+002	28.120	1	1	0.0	1.000000e+000	1.000000e+000	1.000000e+000	2.000000e+001	0.8770E-02	0.9892E-01
89	-2.640000e+002	31.130	1	1	0.0	1.000000e+000	1.000000e+000	1.000000e+000	2.000000e+001	0.8767E-02	0.9889E-01
90	-2.670000e+002	34.140	1	1	0.0	1.000000e+000	1.000000e+000	1.000000e+000	2.000000e+001	0.8763E-02	0.9884E-01
91	-2.700000e+002	37.150	1	1	0.0	1.000000e+000	1.000000e+000	1.000000e+000	2.000000e+001	0.8757E-02	0.9878E-01
92	-2.730000e+002	40.160	1	1	0.0	1.000000e+000	1.000000e+000	1.000000e+000	2.000000e+001	0.8751E-02	0.9871E-01
93	-2.760000e+002	43.170	1	1	0.0	1.000000e+000	1.000000e+000	1.000000e+000	2.000000e+001	0.8742E-02	0.9861E-01
94	-2.790000e+002	46.180	1	1	0.0	1.000000e+000	1.000000e+000	1.000000e+000	2.000000e+001	0.8729E-02	0.9847E-01
95	-2.820000e+002	49.190	1	1	0.0	1.000000e+000	1.000000e+000	1.000000e+000	2.000000e+001	0.8712E-02	0.9828E-01
96	-2.850000e+002	52.200	1	1	0.0	1.000000e+000	1.000000e+000	1.000000e+000	2.000000e+001	0.8688E-02	0.9802E-01
97	-2.880000e+002	55.210	1	1	0.0	1.000000e+000	1.000000e+000	1.000000e+000	2.000000e+001	0.8656E-02	0.9766E-01
98	-2.910000e+002	58.220	1	1	0.0	1.000000e+000	1.000000e+000	1.000000e+000	2.000000e+001	0.8613E-02	0.9717E-01
99	-2.940000e+002	61.231	1	1	0.0	1.000000e+000	1.000000e+000	1.000000e+000	2.000000e+001	0.8558E-02	0.9656E-01
100	-2.970000e+002	64.241	1	1	0.0	1.000000e+000	1.000000e+000	1.000000e+000	2.000000e+001	0.8492E-02	0.9579E-01
101	-3.000000e+002	67.251	1	1	0.0	1.000000e+000	1.000000e+000	1.000000e+000	2.000000e+001	0.8300E-02	0.9511E-01
