1	-0.000000e+000	-98.630	1	1	0.0	1.000000e+000	1.000000e+000	1.000000e+000	2.000000e+001	0.8355E-03	0.1002E+00
2	-3.000000e+000	-95.615	1	1	0.0	1.000000e+000	1.000000e+000	1.000000e+000	2.000000e+001	0.8512E-03	0.1022E+00
3	-6.000000e+000	-92.619	1	1	0.0	1.000000e+000	1.000000e+000	1.000000e+000	2.000000e+001	0.8633E-03	0.1036E+00
4	-9.000000e+000	-89.641	1	1	1.0	1.000000e+000	1.000000e+000	1.000000e+000	2.000000e+001	0.8731E-03	0.1048E+00
5	-1.200000e+001	-86.678	1	1	1.0	1.000000e+000	1.000000e+000	1.000000e+000	2.000000e+001	0.8790E-03	0.1055E+00
6	-1.500000e+001	-83.728	1	1	1.0	1.000000e+000	1.000000e+000	1.000000e+000	2.000000e+001	0.8816E-03	0.1058E+00
7	-1.800000e+001	-80.789	1	1	1.0	1.000000e+000	1.000000e+000	1.000000e+000	2.000000e+001	0.8832E-03	0.1060E+00
8	-2.100000e+001	-77.859	1	1	1.0	1.000000e+000	1.000000e+000	1.000000e+000	2.000000e+001	0.8833E-03	0.1060E+00
9	-2.400000e+001	-74.938	1	1	0.9895831848333453	1.000000e+000	1.000000e+000	1.000000e+000	2.000000e+001	0.8833E-03	0.1060E+00
10	-2.700000e+001	-72.022	1	1	0.9374999730000022	1.000000e+000	1.000000e+000	1.000000e+000	2.000000e+001	0.8833E-03	0.1060E+00
11	-3.000000e+001	-69.112	1	1	0.885416761166659	1.000000e+000	1.000000e+000	1.000000e+000	2.000000e+001	0.8833E-03	0.1060E+00
12	-3.300000e+001	-66.205	1	1	0.8333331173333507	1.000000e+000	1.000000e+000	1.000000e+000	2.000000e+001	0.8833E-03	0.1060E+00
13	-3.600000e+001	-63.302	1	1	0.7812499055000076	1.000000e+000	1.000000e+000	1.000000e+000	2.000000e+001	0.8833E-03	0.1060E+00
14	-3.900000e+001	-60.401	1	1	0.7291666936666645	1.000000e+000	1.000000e+000	1.000000e+000	2.000000e+001	0.8833E-03	0.1060E+00
15	-4.200000e+001	-57.502	1	1	0.6770834818333215	1.000000e+000	1.000000e+000	1.000000e+000	2.000000e+001	0.8833E-03	0.1060E+00
16	-4.500000e+001	-54.602	1	1	0.624999838000013	1.000000e+000	1.000000e+000	1.000000e+000	2.000000e+001	0.8833E-03	0.1060E+00
17	-4.800000e+001	-51.703	1	1	0.5729166261666699	1.000000e+000	1.000000e+000	1.000000e+000	2.000000e+001	0.8833E-03	0.1060E+00
18	-5.100000e+001	-48.803	1	1	0.5208334143333269	1.000000e+000	1.000000e+000	1.000000e+000	2.000000e+001	0.8833E-03	0.1060E+00
19	-5.400000e+001	-45.902	1	1	0.46874977050001837	1.000000e+000	1.000000e+000	1.000000e+000	2.000000e+001	0.8833E-03	0.1060E+00
20	-5.700000e+001	-42.999	1	1	0.41666655866667535	1.000000e+000	1.000000e+000	1.000000e+000	2.000000e+001	0.8833E-03	0.1060E+00
21	-6.000000e+001	-40.094	1	1	0.36458334683333227	1.000000e+000	1.000000e+000	1.000000e+000	2.000000e+001	0.8833E-03	0.1060E+00
22	-6.300000e+001	-37.187	1	1	0.31250013499998924	1.000000e+000	1.000000e+000	1.000000e+000	2.000000e+001	0.8833E-03	0.1060E+00
23	-6.600000e+001	-34.278	1	1	0.26041649116668075	1.000000e+000	1.000000e+000	1.000000e+000	2.000000e+001	0.8833E-03	0.1060E+00
24	-6.900000e+001	-31.365	1	1	0.20833327933333767	1.000000e+000	1.000000e+000	1.000000e+000	2.000000e+001	0.8833E-03	0.1060E+00
25	-7.200000e+001	-28.449	1	1	0.15625006749999462	1.000000e+000	1.000000e+000	1.000000e+000	2.000000e+001	0.8833E-03	0.1060E+00
26	-7.500000e+001	-25.530	1	1	0.10416685566665156	1.000000e+000	1.000000e+000	1.000000e+000	2.000000e+001	0.8833E-03	0.1060E+00
27	-7.800000e+001	-22.607	1	1	0.05208321183334306	1.000000e+000	1.000000e+000	1.000000e+000	2.000000e+001	0.8833E-03	0.1060E+00
28	-8.100000e+001	-19.681	1	1	0.0	1.000000e+000	1.000000e+000	1.000000e+000	2.000000e+001	0.8833E-03	0.1060E+00
29	-8.400000e+001	-16.751	1	1	0.0	1.000000e+000	1.000000e+000	1.000000e+000	2.000000e+001	0.8833E-03	0.1060E+00
30	-8.700000e+001	-13.817	1	1	0.0	1.000000e+000	1.000000e+000	1.000000e+000	2.000000e+001	0.8833E-03	0.1060E+00
31	-9.000000e+001	-10.879	1	1	0.0	1.000000e+000	1.000000e+000	1.000000e+000	2.000000e+001	0.8833E-03	0.1060E+00
32	-9.300000e+001	-7.937	1	1	0.0	1.000000e+000	1.000000e+000	1.000000e+000	2.000000e+001	0.8833E-03	0.1060E+00
33	-9.600000e+001	-4.990	1	1	0.0	1.000000e+000	1.000000e+000	1.000000e+000	2.000000e+001	0.8833E-03	0.1060E+00
34	-9.900000e+001	-2.038	1	1	0.0	1.000000e+000	1.000000e+000	1.000000e+000	2.000000e+001	0.8833E-03	0.1060E+00
35	-1.020000e+002	0.921	1	1	0.0	1.000000e+000	1.000000e+000	1.000000e+000	2.000000e+001	0.8833E-03	0.1060E+00
36	-1.050000e+002	3.883	1	1	0.0	1.000000e+000	1.000000e+000	1.000000e+000	2.000000e+001	0.8833E-03	0.1060E+00
37	-1.080000e+002	6.845	1	1	0.0	1.000000e+000	1.000000e+000	1.000000e+000	2.000000e+001	0.8833E-03	0.1060E+00
38	-1.110000e+002	9.806	1	1	0.0	1.000000e+000	1.000000e+000	1.000000e+000	2.000000e+001	0.8833E-03	0.1060E+00
39	-1.140000e+002	12.768	1	1	0.0	1.000000e+000	1.000000e+000	1.000000e+000	2.000000e+001	0.8833E-03	0.1060E+00
40	-1.170000e+002	15.730	1	1	0.0	1.000000e+000	1.000000e+000	1.000000e+000	2.000000e+001	0.8833E-03	0.1060E+00
41	-1.200000e+002	18.692	1	1	0.0	1.000000e+000	1.000000e+000	1.000000e+000	2.000000e+001	0.8833E-03	0.1060E+00
42	-1.230000e+002	21.653	1	1	0.0	1.000000e+000	1.000000e+000	1.000000e+000	2.000000e+001	0.8833E-03	0.1060E+00
43	-1.260000e+002	24.615	1	1	0.0	1.000000e+000	1.000000e+000	1.000000e+000	2.000000e+001	0.8833E-03	0.1060E+00
44	-1.290000e+002	27.577	1	1	0.0	1.000000e+000	1.000000e+000	1.000000e+000	2.000000e+001	0.8833E-03	0.1060E+00
45	-1.320000e+002	30.539	1	1	0.0	1.000000e+000	1.000000e+000	1.000000e+000	2.000000e+001	0.8833E-03	0.1060E+00
46	-1.350000e+002	33.500	1	1	0.0	1.000000e+000	1.000000e+000	1.000000e+000	2.000000e+001	0.8833E-03	0.1060E+00
47	-1.380000e+002	36.462	1	1	0.0	1.000000e+000	1.000000e+000	1.000000e+000	2.000000e+001	0.8833E-03	0.1060E+00
48	-1.410000e+002	39.424	1	1	0.0	1.000000e+000	1.000000e+000	1.000000e+000	2.000000e+001	0.8833E-03	0.1060E+00
49	-1.440000e+002	42.386	1	1	0.0	1.000000e+000	1.000000e+000	1.000000e+000	2.000000e+001	0.8833E-03	0.1060E+00
50	-1.470000e+002	45.347	1	1	0.0	1.000000e+000	1.000000e+000	1.000000e+000	2.000000e+001	0.8833E-03	0.1060E+00
51	-1.500000e+002	48.309	1	1	0.0	1.000000e+000	1.000000e+000	1.000000e+000	2.000000e+001	0.8833E-03	0.1060E+00
52	-1.530000e+002	51.271	1	1	0.0	1.000000e+000	1.000000e+000	1.000000e+000	2.000000e+001	0.8833E-03	0.1060E+00
53	-1.560000e+002	54.233	1	1	0.0	1.000000e+000	1.000000e+000	1.000000e+000	2.000000e+001	0.8833E-03	0.1060E+00
54	-1.590000e+002	57.194	1	1	0.0	1.000000e+000	1.000000e+000	1.000000e+000	2.000000e+001	0.8833E-03	0.1060E+00
55	-1.620000e+002	60.156	1	1	0.0	1.000000e+000	1.000000e+000	1.000000e+000	2.000000e+001	0.8833E-03	0.1060E+00
56	-1.650000e+002	63.118	1	1	0.0	1.000000e+000	1.000000e+000	1.000000e+000	2.000000e+001	0.8833E-03	0.1060E+00
57	-1.680000e+002	66.080	1	1	0.0	1.000000e+000	1.000000e+000	1.000000e+000	2.000000e+001	0.8833E-03	0.1060E+00
58	-1.710000e+002	69.042	1	1	0.0	1.000000e+000	1.000000e+000	1.000000e+000	2.000000e+001	0.8833E-03	0.1060E+00
59	-1.740000e+002	72.003	1	1	0.0	1.000000e+000	1.000000e+000	1.000000e+000	2.000000e+001	0.8833E-03	0.1060E+00
60	-1.770000e+002	74.965	1	1	0.0	1.000000e+000	1.000000e+000	1.000000e+000	2.000000e+001	0.8833E-03	0.1060E+00
61	-1.800000e+002	77.927	1	1	0.0	1.000000e+000	1.000000e+000	1.000000e+000	2.000000e+001	0.8833E-03	0.1060E+00
62	-1.830000e+002	80.889	1	1	0.0	1.000000e+000	1.000000e+000	1.000000e+000	2.000000e+001	0.8833E-03	0.1060E+00
63	-1.860000e+002	83.850	1	1	0.0	1.000000e+000	1.000000e+000	1.000000e+000	2.000000e+001	0.8833E-03	0.1060E+00
64	-1.890000e+002	86.812	1	1	0.0	1.000000e+000	1.000000e+000	1.000000e+000	2.000000e+001	0.8833E-03	0.1060E+00
65	-1.920000e+002	89.774	1	1	0.0	1.000000e+000	1.000000e+000	1.000000e+000	2.000000e+001	0.8833E-03	0.1060E+00
66	-1.950000e+002	92.736	1	1	0.0	1.000000e+000	1.000000e+000	1.000000e+000	2.000000e+001	0.8833E-03	0.1060E+00
67	-1.980000e+002	95.697	1	1	0.0	1.000000e+000	1.000000e+000	1.000000e+000	2.000000e+001	0.8833E-03	0.1060E+00
68	-2.010000e+002	98.659	1	1	0.0	1.000000e+000	1.000000e+000	1.000000e+000	2.000000e+001	0.8833E-03	0.1060E+00
69	-2.040000e+002	101.621	1	1	0.0	1.000000e+000	1.000000e+000	1.000000e+000	2.000000e+001	0.8833E-03	0.1060E+00
70	-2.070000e+002	104.583	1	1	0.0	1.000000e+000	1.000000e+000	1.000000e+000	2.000000e+001	0.8833E-03	0.1060E+00
71	-2.100000e+002	107.544	1	1	0.0	1.000000e+000	1.000000e+000	1.000000e+000	2.000000e+001	0.8833E-03	0.1060E+00
72	-2.130000e+002	110.506	1	1	0.0	1.000000e+000	1.000000e+000	1.000000e+000	2.000000e+001	0.8833E-03	0.1060E+00
73	-2.160000e+002	113.468	1	1	0.0	1.000000e+000	1.000000e+000	1.000000e+000	2.000000e+001	0.8833E-03	0.1060E+00
74	-2.190000e+002	116.430	1	1	0.0	1.000000e+000	1.000000e+000	1.000000e+000	2.000000e+001	0.8833E-03	0.1060E+00
75	-2.220000e+002	119.392	1	1	0.0	1.000000e+000	1.000000e+000	1.000000e+000	2.000000e+001	0.8833E-03	0.1060E+00
76	-2.250000e+002	122.353	1	1	0.0	1.000000e+000	1.000000e+000	1.000000e+000	2.000000e+001	0.8833E-03	0.1060E+00
77	-2.280000e+002	125.315	1	1	0.0	1.000000e+000	1.000000e+000	1.000000e+000	2.000000e+001	0.8833E-03	0.1060E+00
78	-2.310000e+002	128.277	1	1	0.0	1.000000e+000	1.000000e+000	1.000000e+000	2.000000e+001	0.8833E-03	0.1060E+00
79	-2.340000e+002	131.239	1	1	0.0	1.000000e+000	1.000000e+000	1.000000e+000	2.000000e+001	0.8833E-03	0.1060E+00
80	-2.370000e+002	134.200	1	1	0.0	1.000000e+000	1.000000e+000	1.000000e+000	2.000000e+001	0.8833E-03	0.1060E+00
81	-2.400000e+002	137.162	1	1	0.0	1.000000e+000	1.000000e+000	1.000000e+000	2.000000e+001	0.8833E-03	0.1060E+00
82	-2.430000e+002	140.124	1	1	0.0	1.000000e+000	1.000000e+000	1.000000e+000	2.000000e+001	0.8833E-03	0.1060E+00
83	-2.460000e+002	143.086	1	1	0.0	1.000000e+000	1.000000e+000	1.000000e+000	2.000000e+001	0.8833E-03	0.1060E+00
84	-2.490000e+002	146.047	1	1	0.0	1.000000e+000	1.000000e+000	1.000000e+000	2.000000e+001	0.8833E-03	0.1060E+00
85	-2.520000e+002	149.009	1	1	0.0	1.000000e+000	1.000000e+000	1.000000e+000	2.000000e+001	0.8833E-03	0.1060E+00
86	-2.550000e+002	151.971	1	1	0.0	1.000000e+000	1.000000e+000	1.000000e+000	2.000000e+001	0.8833E-03	0.1060E+00
87	-2.580000e+002	154.933	1	1	0.0	1.000000e+000	1.000000e+000	1.000000e+000	2.000000e+001	0.8833E-03	0.1060E+00
88	-2.610000e+002	157.894	1	1	0.0	1.000000e+000	1.000000e+000	1.000000e+000	2.000000e+001	0.8833E-03	0.1060E+00
89	-2.640000e+002	160.856	1	1	0.0	1.000000e+000	1.000000e+000	1.000000e+000	2.000000e+001	0.8833E-03	0.1060E+00
90	-2.670000e+002	163.818	1	1	0.0	1.000000e+000	1.000000e+000	1.000000e+000	2.000000e+001	0.8833E-03	0.1060E+00
91	-2.700000e+002	166.780	1	1	0.0	1.000000e+000	1.000000e+000	1.000000e+000	2.000000e+001	0.8833E-03	0.1060E+00
92	-2.730000e+002	169.741	1	1	0.0	1.000000e+000	1.000000e+000	1.000000e+000	2.000000e+001	0.8833E-03	0.1060E+00
93	-2.760000e+002	172.703	1	1	0.0	1.000000e+000	1.000000e+000	1.000000e+000	2.000000e+001	0.8833E-03	0.1060E+00
94	-2.790000e+002	175.665	1	1	0.0	1.000000e+000	1.000000e+000	1.000000e+000	2.000000e+001	0.8833E-03	0.1060E+00
95	-2.820000e+002	178.627	1	1	0.0	1.000000e+000	1.000000e+000	1.000000e+000	2.000000e+001	0.8833E-03	0.1060E+00
96	-2.850000e+002	181.589	1	1	0.0	1.000000e+000	1.000000e+000	1.000000e+000	2.000000e+001	0.8833E-03	0.1060E+00
97	-2.880000e+002	184.550	1	1	0.0	1.000000e+000	1.000000e+000	1.000000e+000	2.000000e+001	0.8833E-03	0.1060E+00
98	-2.910000e+002	187.512	1	1	0.0	1.000000e+000	1.000000e+000	1.000000e+000	2.000000e+001	0.8833E-03	0.1060E+00
99	-2.940000e+002	190.474	1	1	0.0	1.000000e+000	1.000000e+000	1.000000e+000	2.000000e+001	0.8821E-03	0.1059E+00
100	-2.970000e+002	193.436	1	1	0.0	1.000000e+000	1.000000e+000	1.000000e+000	2.000000e+001	0.8765E-03	0.1053E+00
101	-3.000000e+002	196.397	1	1	0.0	1.000000e+000	1.000000e+000	1.000000e+000	2.000000e+001	0.8765E-03	0.1046E+00
