61.6177092
54.7566558
49.1185171
44.8307756
41.8288068
39.9999593
39.2315819
39.4110234
40.4256324
42.1627577
44.509748
47.3539521
50.5827186
54.0833964
57.743334
61.4498804
65.0903841
68.5521939
71.7399489
74.6274498
77.2057874
79.4660526
81.3993366
82.9967302
84.2493243
85.14821
85.6844781
85.8492197
85.6335257
85.028487
84.0251946
82.6147395
80.7882126
78.5527387
75.9795779
73.1560242
70.1693716
67.106914
64.0559453
61.1037597
58.3376509
55.8449131
53.71284
52.0287258
50.8798644
50.3535497
50.5370757
51.5177364
53.3470277
55.9332536
59.1489201
62.8665331
66.9585986
71.2976226
75.756111
80.2065697
84.5215048
88.5734223
92.234828
95.3782279
97.8761281
99.6010344
100.4254528
100.2218894
98.9094294
96.5934757
93.4260106
89.5590163
85.1444751
80.3343692
75.2806809
70.1353925
65.0504862
60.1779442
55.6697488
51.6778823
48.3543269
45.8510648
44.3200784
43.8647947
44.3944202
45.7696063
47.8510041
50.4992652
53.5750407
56.938982
60.4517405
63.9739674
67.3663141
70.4894319
73.2039721
75.3705861
76.8499251
77.5026405
77.1893836
75.8295726
73.5776931
70.6469977
67.2507389
63.6021692
59.9145411
56.4011071
53.2751198
50.7498316
49.0384951
48.3543628
48.9106873
50.920721
54.5977164
60.1549261
67.7229796
77.1020146
88.0095456
100.1630873
113.2801544
127.0782614
141.2749231
155.587654
169.7339688
183.4313822
196.3974087
208.349563
219.0053598
228.0823137
235.2979393
240.4521052
243.6740958
245.1755495
245.1681045
243.8633992
241.473072
238.2087611
234.2821049
229.9047417
225.2883099
220.6444478
216.1847938
212.1209861
208.6646631
206.0274631
204.369991
203.6487178
203.7690809
204.6365179
206.1564662
208.2343634
210.7756468
