10
11.2
12.4
13.6
14.8
16
17.2
18.4
19.6
20.8
22
23.2
24.4
25.6
26.8
28
29.2
30.4
31.6
32.8
34
35.2
36.4
37.6
38.8
40
41.2
42.4
43.6
44.8
46
47.2
48.4
49.6
50.8
52
53.2
54.4
55.6
56.8
58
59.2
60.4
61.6
62.8
64
65.2
66.4
67.6
68.8
70
71.2
72.4
73.6
74.8
76
77.2
78.4
79.6
80
80
80
80
80
80
80
80
80
80
80
80
80
80
80
80
80
80
80
80
80
80
80
80
80
80
80
80
80
80
80
80
80
80
80
80
80
80
80
80
80
80
80
80
80
80
80
80
80
80
80
80
80
80
80
80
80
80
80
80
80
80
80
80
80
80
80
80
80
80
80
80
80
80
80
80
80
80
80
80
80
80
80
80
80
80
80
80
