1	-0.000000e+000	-249.108	1	1	0.0	1.000000e+000	1.000000e+000	1.000000e+000	2.000000e+001	0.8146E-02	0.9137E-01
2	-3.000000e+000	-245.888	1	1	0.0	1.000000e+000	1.000000e+000	1.000000e+000	2.000000e+001	0.8059E-02	0.9083E-01
3	-6.000000e+000	-242.648	1	1	0.0	1.000000e+000	1.000000e+000	1.000000e+000	2.000000e+001	0.8190E-02	0.9228E-01
4	-9.000000e+000	-239.398	1	1	1.0	1.000000e+000	1.000000e+000	1.000000e+000	2.000000e+001	0.8349E-02	0.9418E-01
5	-1.200000e+001	-236.141	1	1	1.0	1.000000e+000	1.000000e+000	1.000000e+000	2.000000e+001	0.8509E-02	0.9603E-01
6	-1.500000e+001	-232.884	1	1	1.0	1.000000e+000	1.000000e+000	1.000000e+000	2.000000e+001	0.8644E-02	0.9758E-01
7	-1.800000e+001	-229.634	1	1	1.0	1.000000e+000	1.000000e+000	1.000000e+000	2.000000e+001	0.8747E-02	0.9876E-01
8	-2.100000e+001	-226.395	1	1	1.0	1.000000e+000	1.000000e+000	1.000000e+000	2.000000e+001	0.8821E-02	0.9960E-01
9	-2.400000e+001	-223.168	1	1	0.9895831848333453	1.000000e+000	1.000000e+000	1.000000e+000	2.000000e+001	0.8870E-02	0.1002E+00
10	-2.700000e+001	-219.958	1	1	0.9374999730000022	1.000000e+000	1.000000e+000	1.000000e+000	2.000000e+001	0.8896E-02	0.1005E+00
11	-3.000000e+001	-216.764	1	1	0.885416761166659	1.000000e+000	1.000000e+000	1.000000e+000	2.000000e+001	0.8900E-02	0.1005E+00
12	-3.300000e+001	-213.589	1	1	0.8333331173333507	1.000000e+000	1.000000e+000	1.000000e+000	2.000000e+001	0.8898E-02	0.1005E+00
13	-3.600000e+001	-210.432	1	1	0.7812499055000076	1.000000e+000	1.000000e+000	1.000000e+000	2.000000e+001	0.8884E-02	0.1003E+00
14	-3.900000e+001	-207.294	1	1	0.7291666936666645	1.000000e+000	1.000000e+000	1.000000e+000	2.000000e+001	0.8872E-02	0.1002E+00
15	-4.200000e+001	-204.175	1	1	0.6770834818333215	1.000000e+000	1.000000e+000	1.000000e+000	2.000000e+001	0.8853E-02	0.9991E-01
16	-4.500000e+001	-201.075	1	1	0.624999838000013	1.000000e+000	1.000000e+000	1.000000e+000	2.000000e+001	0.8843E-02	0.9982E-01
17	-4.800000e+001	-197.992	1	1	0.5729166261666699	1.000000e+000	1.000000e+000	1.000000e+000	2.000000e+001	0.8837E-02	0.9974E-01
18	-5.100000e+001	-194.928	1	1	0.5208334143333269	1.000000e+000	1.000000e+000	1.000000e+000	2.000000e+001	0.8830E-02	0.9966E-01
19	-5.400000e+001	-191.880	1	1	0.46874977050001837	1.000000e+000	1.000000e+000	1.000000e+000	2.000000e+001	0.8824E-02	0.9959E-01
20	-5.700000e+001	-188.851	1	1	0.41666655866667535	1.000000e+000	1.000000e+000	1.000000e+000	2.000000e+001	0.8817E-02	0.9951E-01
21	-6.000000e+001	-185.840	1	1	0.36458334683333227	1.000000e+000	1.000000e+000	1.000000e+000	2.000000e+001	0.8811E-02	0.9943E-01
22	-6.300000e+001	-182.846	1	1	0.31250013499998924	1.000000e+000	1.000000e+000	1.000000e+000	2.000000e+001	0.8806E-02	0.9937E-01
23	-6.600000e+001	-179.866	1	1	0.26041649116668075	1.000000e+000	1.000000e+000	1.000000e+000	2.000000e+001	0.8802E-02	0.9932E-01
24	-6.900000e+001	-176.901	1	1	0.20833327933333767	1.000000e+000	1.000000e+000	1.000000e+000	2.000000e+001	0.8799E-02	0.9927E-01
25	-7.200000e+001	-173.947	1	1	0.15625006749999462	1.000000e+000	1.000000e+000	1.000000e+000	2.000000e+001	0.8796E-02	0.9923E-01
26	-7.500000e+001	-171.005	1	1	0.10416685566665156	1.000000e+000	1.000000e+000	1.000000e+000	2.000000e+001	0.8792E-02	0.9919E-01
27	-7.800000e+001	-168.074	1	1	0.05208321183334306	1.000000e+000	1.000000e+000	1.000000e+000	2.000000e+001	0.8789E-02	0.9915E-01
28	-8.100000e+001	-165.152	1	1	0.0	1.000000e+000	1.000000e+000	1.000000e+000	2.000000e+001	0.8787E-02	0.9912E-01
29	-8.400000e+001	-162.238	1	1	0.0	1.000000e+000	1.000000e+000	1.000000e+000	2.000000e+001	0.8785E-02	0.9910E-01
30	-8.700000e+001	-159.333	1	1	0.0	1.000000e+000	1.000000e+000	1.000000e+000	2.000000e+001	0.8785E-02	0.9909E-01
31	-9.000000e+001	-156.434	1	1	0.0	1.000000e+000	1.000000e+000	1.000000e+000	2.000000e+001	0.8785E-02	0.9909E-01
32	-9.300000e+001	-153.542	1	1	0.0	1.000000e+000	1.000000e+000	1.000000e+000	2.000000e+001	0.8784E-02	0.9909E-01
33	-9.600000e+001	-150.655	1	1	0.0	1.000000e+000	1.000000e+000	1.000000e+000	2.000000e+001	0.8785E-02	0.9909E-01
34	-9.900000e+001	-147.771	1	1	0.0	1.000000e+000	1.000000e+000	1.000000e+000	2.000000e+001	0.8785E-02	0.9909E-01
35	-1.020000e+002	-144.891	1	1	0.0	1.000000e+000	1.000000e+000	1.000000e+000	2.000000e+001	0.8785E-02	0.9909E-01
36	-1.050000e+002	-142.013	1	1	0.0	1.000000e+000	1.000000e+000	1.000000e+000	2.000000e+001	0.8785E-02	0.9909E-01
37	-1.080000e+002	-139.137	1	1	0.0	1.000000e+000	1.000000e+000	1.000000e+000	2.000000e+001	0.8785E-02	0.9909E-01
38	-1.110000e+002	-136.262	1	1	0.0	1.000000e+000	1.000000e+000	1.000000e+000	2.000000e+001	0.8785E-02	0.9909E-01
39	-1.140000e+002	-133.388	1	1	0.0	1.000000e+000	1.000000e+000	1.000000e+000	2.000000e+001	0.8785E-02	0.9909E-01
40	-1.170000e+002	-130.515	1	1	0.0	1.000000e+000	1.000000e+000	1.000000e+000	2.000000e+001	0.8785E-02	0.9909E-01
41	-1.200000e+002	-127.643	1	1	0.0	1.000000e+000	1.000000e+000	1.000000e+000	2.000000e+001	0.8785E-02	0.9909E-01
42	-1.230000e+002	-124.771	1	1	0.0	1.000000e+000	1.000000e+000	1.000000e+000	2.000000e+001	0.8785E-02	0.9909E-01
43	-1.260000e+002	-121.899	1	1	0.0	1.000000e+000	1.000000e+000	1.000000e+000	2.000000e+001	0.8785E-02	0.9909E-01
44	-1.290000e+002	-119.026	1	1	0.0	1.000000e+000	1.000000e+000	1.000000e+000	2.000000e+001	0.8785E-02	0.9909E-01
45	-1.320000e+002	-116.151	1	1	0.0	1.000000e+000	1.000000e+000	1.000000e+000	2.000000e+001	0.8785E-02	0.9909E-01
46	-1.350000e+002	-113.273	1	1	0.0	1.000000e+000	1.000000e+000	1.000000e+000	2.000000e+001	0.8785E-02	0.9909E-01
47	-1.380000e+002	-110.393	1	1	0.0	1.000000e+000	1.000000e+000	1.000000e+000	2.000000e+001	0.8785E-02	0.9909E-01
48	-1.410000e+002	-107.510	1	1	0.0	1.000000e+000	1.000000e+000	1.000000e+000	2.000000e+001	0.8785E-02	0.9909E-01
49	-1.440000e+002	-104.625	1	1	0.0	1.000000e+000	1.000000e+000	1.000000e+000	2.000000e+001	0.8785E-02	0.9909E-01
50	-1.470000e+002	-101.738	1	1	0.0	1.000000e+000	1.000000e+000	1.000000e+000	2.000000e+001	0.8785E-02	0.9909E-01
51	-1.500000e+002	-98.849	1	1	0.0	1.000000e+000	1.000000e+000	1.000000e+000	2.000000e+001	0.8785E-02	0.9909E-01
52	-1.530000e+002	-95.957	1	1	0.0	1.000000e+000	1.000000e+000	1.000000e+000	2.000000e+001	0.8785E-02	0.9909E-01
53	-1.560000e+002	-93.062	1	1	0.0	1.000000e+000	1.000000e+000	1.000000e+000	2.000000e+001	0.8785E-02	0.9909E-01
54	-1.590000e+002	-90.164	1	1	0.0	1.000000e+000	1.000000e+000	1.000000e+000	2.000000e+001	0.8785E-02	0.9909E-01
55	-1.620000e+002	-87.262	1	1	0.0	1.000000e+000	1.000000e+000	1.000000e+000	2.000000e+001	0.8785E-02	0.9909E-01
56	-1.650000e+002	-84.356	1	1	0.0	1.000000e+000	1.000000e+000	1.000000e+000	2.000000e+001	0.8785E-02	0.9909E-01
57	-1.680000e+002	-81.448	1	1	0.0	1.000000e+000	1.000000e+000	1.000000e+000	2.000000e+001	0.8785E-02	0.9909E-01
58	-1.710000e+002	-78.537	1	1	0.0	1.000000e+000	1.000000e+000	1.000000e+000	2.000000e+001	0.8785E-02	0.9909E-01
59	-1.740000e+002	-75.622	1	1	0.0	1.000000e+000	1.000000e+000	1.000000e+000	2.000000e+001	0.8785E-02	0.9909E-01
60	-1.770000e+002	-72.705	1	1	0.0	1.000000e+000	1.000000e+000	1.000000e+000	2.000000e+001	0.8785E-02	0.9909E-01
61	-1.800000e+002	-69.783	1	1	0.0	1.000000e+000	1.000000e+000	1.000000e+000	2.000000e+001	0.8785E-02	0.9909E-01
62	-1.830000e+002	-66.859	1	1	0.0	1.000000e+000	1.000000e+000	1.000000e+000	2.000000e+001	0.8785E-02	0.9909E-01
63	-1.860000e+002	-63.931	1	1	0.0	1.000000e+000	1.000000e+000	1.000000e+000	2.000000e+001	0.8785E-02	0.9909E-01
64	-1.890000e+002	-61.000	1	1	0.0	1.000000e+000	1.000000e+000	1.000000e+000	2.000000e+001	0.8785E-02	0.9909E-01
65	-1.920000e+002	-58.067	1	1	0.0	1.000000e+000	1.000000e+000	1.000000e+000	2.000000e+001	0.8785E-02	0.9909E-01
66	-1.950000e+002	-55.130	1	1	0.0	1.000000e+000	1.000000e+000	1.000000e+000	2.000000e+001	0.8785E-02	0.9909E-01
67	-1.980000e+002	-52.190	1	1	0.0	1.000000e+000	1.000000e+000	1.000000e+000	2.000000e+001	0.8785E-02	0.9909E-01
68	-2.010000e+002	-49.247	1	1	0.0	1.000000e+000	1.000000e+000	1.000000e+000	2.000000e+001	0.8785E-02	0.9909E-01
69	-2.040000e+002	-46.302	1	1	0.0	1.000000e+000	1.000000e+000	1.000000e+000	2.000000e+001	0.8785E-02	0.9909E-01
70	-2.070000e+002	-43.353	1	1	0.0	1.000000e+000	1.000000e+000	1.000000e+000	2.000000e+001	0.8785E-02	0.9909E-01
71	-2.100000e+002	-40.402	1	1	0.0	1.000000e+000	1.000000e+000	1.000000e+000	2.000000e+001	0.8785E-02	0.9909E-01
72	-2.130000e+002	-37.449	1	1	0.0	1.000000e+000	1.000000e+000	1.000000e+000	2.000000e+001	0.8785E-02	0.9909E-01
73	-2.160000e+002	-34.492	1	1	0.0	1.000000e+000	1.000000e+000	1.000000e+000	2.000000e+001	0.8785E-02	0.9909E-01
74	-2.190000e+002	-31.534	1	1	0.0	1.000000e+000	1.000000e+000	1.000000e+000	2.000000e+001	0.8785E-02	0.9909E-01
75	-2.220000e+002	-28.573	1	1	0.0	1.000000e+000	1.000000e+000	1.000000e+000	2.000000e+001	0.8784E-02	0.9908E-01
76	-2.250000e+002	-25.609	1	1	0.0	1.000000e+000	1.000000e+000	1.000000e+000	2.000000e+001	0.8784E-02	0.9908E-01
77	-2.280000e+002	-22.644	1	1	0.0	1.000000e+000	1.000000e+000	1.000000e+000	2.000000e+001	0.8783E-02	0.9907E-01
78	-2.310000e+002	-19.676	1	1	0.0	1.000000e+000	1.000000e+000	1.000000e+000	2.000000e+001	0.8783E-02	0.9907E-01
79	-2.340000e+002	-16.706	1	1	0.0	1.000000e+000	1.000000e+000	1.000000e+000	2.000000e+001	0.8782E-02	0.9906E-01
80	-2.370000e+002	-13.734	1	1	0.0	1.000000e+000	1.000000e+000	1.000000e+000	2.000000e+001	0.8781E-02	0.9905E-01
81	-2.400000e+002	-10.759	1	1	0.0	1.000000e+000	1.000000e+000	1.000000e+000	2.000000e+001	0.8781E-02	0.9904E-01
82	-2.430000e+002	-7.783	1	1	0.0	1.000000e+000	1.000000e+000	1.000000e+000	2.000000e+001	0.8780E-02	0.9903E-01
83	-2.460000e+002	-4.805	1	1	0.0	1.000000e+000	1.000000e+000	1.000000e+000	2.000000e+001	0.8779E-02	0.9902E-01
84	-2.490000e+002	-1.824	1	1	0.0	1.000000e+000	1.000000e+000	1.000000e+000	2.000000e+001	0.8778E-02	0.9901E-01
85	-2.520000e+002	1.159	1	1	0.0	1.000000e+000	1.000000e+000	1.000000e+000	2.000000e+001	0.8776E-02	0.9899E-01
86	-2.550000e+002	4.144	1	1	0.0	1.000000e+000	1.000000e+000	1.000000e+000	2.000000e+001	0.8774E-02	0.9897E-01
87	-2.580000e+002	7.128	1	1	0.0	1.000000e+000	1.000000e+000	1.000000e+000	2.000000e+001	0.8772E-02	0.9895E-01
88	-2.610000e+002	10.113	1	1	0.0	1.000000e+000	1.000000e+000	1.000000e+000	2.000000e+001	0.8770E-02	0.9892E-01
89	-2.640000e+002	13.097	1	1	0.0	1.000000e+000	1.000000e+000	1.000000e+000	2.000000e+001	0.8767E-02	0.9889E-01
90	-2.670000e+002	16.081	1	1	0.0	1.000000e+000	1.000000e+000	1.000000e+000	2.000000e+001	0.8762E-02	0.9884E-01
91	-2.700000e+002	19.066	1	1	0.0	1.000000e+000	1.000000e+000	1.000000e+000	2.000000e+001	0.8757E-02	0.9878E-01
92	-2.730000e+002	22.050	1	1	0.0	1.000000e+000	1.000000e+000	1.000000e+000	2.000000e+001	0.8749E-02	0.9869E-01
93	-2.760000e+002	25.035	1	1	0.0	1.000000e+000	1.000000e+000	1.000000e+000	2.000000e+001	0.8739E-02	0.9859E-01
94	-2.790000e+002	28.019	1	1	0.0	1.000000e+000	1.000000e+000	1.000000e+000	2.000000e+001	0.8726E-02	0.9844E-01
95	-2.820000e+002	31.004	1	1	0.0	1.000000e+000	1.000000e+000	1.000000e+000	2.000000e+001	0.8707E-02	0.9823E-01
96	-2.850000e+002	33.988	1	1	0.0	1.000000e+000	1.000000e+000	1.000000e+000	2.000000e+001	0.8682E-02	0.9795E-01
97	-2.880000e+002	36.973	1	1	0.0	1.000000e+000	1.000000e+000	1.000000e+000	2.000000e+001	0.8650E-02	0.9758E-01
98	-2.910000e+002	39.957	1	1	0.0	1.000000e+000	1.000000e+000	1.000000e+000	2.000000e+001	0.8610E-02	0.9713E-01
99	-2.940000e+002	42.942	1	1	0.0	1.000000e+000	1.000000e+000	1.000000e+000	2.000000e+001	0.8566E-02	0.9661E-01
100	-2.970000e+002	45.926	1	1	0.0	1.000000e+000	1.000000e+000	1.000000e+000	2.000000e+001	0.8526E-02	0.9606E-01
101	-3.000000e+002	48.911	1	1	0.0	1.000000e+000	1.000000e+000	1.000000e+000	2.000000e+001	0.8526E-02	0.9574E-01
