Pcp_File_Version=4
    2
    1  0.000000e+000  1.000000e+000  1.000000e+000
    2 -3.000000e+002  1.000000e+000  1.000000e+000
  101    1    1    0 x         h      Mat  Lay      Beta           Axz            Bxz            Dxz          Temp          Conc            SConc
1	-0.000000e+000	-319.959	1	1	0.0	1.000000e+000	1.000000e+000	1.000000e+000	2.000000e+001	0.1081E-02	0.1295E+00
2	-3.000000e+000	-316.588	1	1	0.0	1.000000e+000	1.000000e+000	1.000000e+000	2.000000e+001	0.1084E-02	0.1300E+00
3	-6.000000e+000	-313.071	1	1	0.0	1.000000e+000	1.000000e+000	1.000000e+000	2.000000e+001	0.1041E-02	0.1247E+00
4	-9.000000e+000	-309.410	1	1	1.0	1.000000e+000	1.000000e+000	1.000000e+000	2.000000e+001	0.1047E-02	0.1256E+00
5	-1.200000e+001	-305.539	1	1	1.0	1.000000e+000	1.000000e+000	1.000000e+000	2.000000e+001	0.1038E-02	0.1246E+00
6	-1.500000e+001	-301.477	1	1	1.0	1.000000e+000	1.000000e+000	1.000000e+000	2.000000e+001	0.1020E-02	0.1225E+00
7	-1.800000e+001	-297.234	1	1	1.0	1.000000e+000	1.000000e+000	1.000000e+000	2.000000e+001	0.9947E-03	0.1194E+00
8	-2.100000e+001	-292.818	1	1	1.0	1.000000e+000	1.000000e+000	1.000000e+000	2.000000e+001	0.9657E-03	0.1159E+00
9	-2.400000e+001	-288.254	1	1	0.9895831848333453	1.000000e+000	1.000000e+000	1.000000e+000	2.000000e+001	0.9376E-03	0.1125E+00
10	-2.700000e+001	-283.568	1	1	0.9374999730000022	1.000000e+000	1.000000e+000	1.000000e+000	2.000000e+001	0.9153E-03	0.1098E+00
11	-3.000000e+001	-278.784	1	1	0.885416761166659	1.000000e+000	1.000000e+000	1.000000e+000	2.000000e+001	0.9002E-03	0.1080E+00
12	-3.300000e+001	-273.922	1	1	0.8333331173333507	1.000000e+000	1.000000e+000	1.000000e+000	2.000000e+001	0.8903E-03	0.1068E+00
13	-3.600000e+001	-269.002	1	1	0.7812499055000076	1.000000e+000	1.000000e+000	1.000000e+000	2.000000e+001	0.8852E-03	0.1062E+00
14	-3.900000e+001	-264.041	1	1	0.7291666936666645	1.000000e+000	1.000000e+000	1.000000e+000	2.000000e+001	0.8834E-03	0.1060E+00
15	-4.200000e+001	-259.053	1	1	0.6770834818333215	1.000000e+000	1.000000e+000	1.000000e+000	2.000000e+001	0.8833E-03	0.1060E+00
16	-4.500000e+001	-254.051	1	1	0.624999838000013	1.000000e+000	1.000000e+000	1.000000e+000	2.000000e+001	0.8833E-03	0.1060E+00
17	-4.800000e+001	-249.046	1	1	0.5729166261666699	1.000000e+000	1.000000e+000	1.000000e+000	2.000000e+001	0.8833E-03	0.1060E+00
18	-5.100000e+001	-244.048	1	1	0.5208334143333269	1.000000e+000	1.000000e+000	1.000000e+000	2.000000e+001	0.8833E-03	0.1060E+00
19	-5.400000e+001	-239.091	1	1	0.46874977050001837	1.000000e+000	1.000000e+000	1.000000e+000	2.000000e+001	0.8833E-03	0.1060E+00
20	-5.700000e+001	-234.205	1	1	0.41666655866667535	1.000000e+000	1.000000e+000	1.000000e+000	2.000000e+001	0.8833E-03	0.1060E+00
21	-6.000000e+001	-229.398	1	1	0.36458334683333227	1.000000e+000	1.000000e+000	1.000000e+000	2.000000e+001	0.8833E-03	0.1060E+00
22	-6.300000e+001	-224.666	1	1	0.31250013499998924	1.000000e+000	1.000000e+000	1.000000e+000	2.000000e+001	0.8833E-03	0.1060E+00
23	-6.600000e+001	-220.007	1	1	0.26041649116668075	1.000000e+000	1.000000e+000	1.000000e+000	2.000000e+001	0.8833E-03	0.1060E+00
24	-6.900000e+001	-215.415	1	1	0.20833327933333767	1.000000e+000	1.000000e+000	1.000000e+000	2.000000e+001	0.8833E-03	0.1060E+00
25	-7.200000e+001	-210.890	1	1	0.15625006749999462	1.000000e+000	1.000000e+000	1.000000e+000	2.000000e+001	0.8833E-03	0.1060E+00
26	-7.500000e+001	-206.428	1	1	0.10416685566665156	1.000000e+000	1.000000e+000	1.000000e+000	2.000000e+001	0.8833E-03	0.1060E+00
27	-7.800000e+001	-202.028	1	1	0.05208321183334306	1.000000e+000	1.000000e+000	1.000000e+000	2.000000e+001	0.8833E-03	0.1060E+00
28	-8.100000e+001	-197.685	1	1	0.0	1.000000e+000	1.000000e+000	1.000000e+000	2.000000e+001	0.8833E-03	0.1060E+00
29	-8.400000e+001	-193.399	1	1	0.0	1.000000e+000	1.000000e+000	1.000000e+000	2.000000e+001	0.8833E-03	0.1060E+00
30	-8.700000e+001	-189.179	1	1	0.0	1.000000e+000	1.000000e+000	1.000000e+000	2.000000e+001	0.8833E-03	0.1060E+00
31	-9.000000e+001	-185.038	1	1	0.0	1.000000e+000	1.000000e+000	1.000000e+000	2.000000e+001	0.8833E-03	0.1060E+00
32	-9.300000e+001	-180.972	1	1	0.0	1.000000e+000	1.000000e+000	1.000000e+000	2.000000e+001	0.8833E-03	0.1060E+00
33	-9.600000e+001	-176.972	1	1	0.0	1.000000e+000	1.000000e+000	1.000000e+000	2.000000e+001	0.8833E-03	0.1060E+00
34	-9.900000e+001	-173.030	1	1	0.0	1.000000e+000	1.000000e+000	1.000000e+000	2.000000e+001	0.8833E-03	0.1060E+00
35	-1.020000e+002	-169.140	1	1	0.0	1.000000e+000	1.000000e+000	1.000000e+000	2.000000e+001	0.8833E-03	0.1060E+00
36	-1.050000e+002	-165.298	1	1	0.0	1.000000e+000	1.000000e+000	1.000000e+000	2.000000e+001	0.8833E-03	0.1060E+00
37	-1.080000e+002	-161.498	1	1	0.0	1.000000e+000	1.000000e+000	1.000000e+000	2.000000e+001	0.8833E-03	0.1060E+00
38	-1.110000e+002	-157.736	1	1	0.0	1.000000e+000	1.000000e+000	1.000000e+000	2.000000e+001	0.8833E-03	0.1060E+00
39	-1.140000e+002	-154.009	1	1	0.0	1.000000e+000	1.000000e+000	1.000000e+000	2.000000e+001	0.8833E-03	0.1060E+00
40	-1.170000e+002	-150.320	1	1	0.0	1.000000e+000	1.000000e+000	1.000000e+000	2.000000e+001	0.8833E-03	0.1060E+00
41	-1.200000e+002	-146.673	1	1	0.0	1.000000e+000	1.000000e+000	1.000000e+000	2.000000e+001	0.8833E-03	0.1060E+00
42	-1.230000e+002	-143.068	1	1	0.0	1.000000e+000	1.000000e+000	1.000000e+000	2.000000e+001	0.8833E-03	0.1060E+00
43	-1.260000e+002	-139.499	1	1	0.0	1.000000e+000	1.000000e+000	1.000000e+000	2.000000e+001	0.8833E-03	0.1060E+00
44	-1.290000e+002	-135.963	1	1	0.0	1.000000e+000	1.000000e+000	1.000000e+000	2.000000e+001	0.8833E-03	0.1060E+00
45	-1.320000e+002	-132.456	1	1	0.0	1.000000e+000	1.000000e+000	1.000000e+000	2.000000e+001	0.8833E-03	0.1060E+00
46	-1.350000e+002	-128.976	1	1	0.0	1.000000e+000	1.000000e+000	1.000000e+000	2.000000e+001	0.8833E-03	0.1060E+00
47	-1.380000e+002	-125.518	1	1	0.0	1.000000e+000	1.000000e+000	1.000000e+000	2.000000e+001	0.8833E-03	0.1060E+00
48	-1.410000e+002	-122.082	1	1	0.0	1.000000e+000	1.000000e+000	1.000000e+000	2.000000e+001	0.8833E-03	0.1060E+00
49	-1.440000e+002	-118.669	1	1	0.0	1.000000e+000	1.000000e+000	1.000000e+000	2.000000e+001	0.8833E-03	0.1060E+00
50	-1.470000e+002	-115.280	1	1	0.0	1.000000e+000	1.000000e+000	1.000000e+000	2.000000e+001	0.8833E-03	0.1060E+00
51	-1.500000e+002	-111.915	1	1	0.0	1.000000e+000	1.000000e+000	1.000000e+000	2.000000e+001	0.8833E-03	0.1060E+00
52	-1.530000e+002	-108.572	1	1	0.0	1.000000e+000	1.000000e+000	1.000000e+000	2.000000e+001	0.8833E-03	0.1060E+00
53	-1.560000e+002	-105.247	1	1	0.0	1.000000e+000	1.000000e+000	1.000000e+000	2.000000e+001	0.8833E-03	0.1060E+00
54	-1.590000e+002	-101.939	1	1	0.0	1.000000e+000	1.000000e+000	1.000000e+000	2.000000e+001	0.8833E-03	0.1060E+00
55	-1.620000e+002	-98.647	1	1	0.0	1.000000e+000	1.000000e+000	1.000000e+000	2.000000e+001	0.8833E-03	0.1060E+00
56	-1.650000e+002	-95.368	1	1	0.0	1.000000e+000	1.000000e+000	1.000000e+000	2.000000e+001	0.8833E-03	0.1060E+00
57	-1.680000e+002	-92.105	1	1	0.0	1.000000e+000	1.000000e+000	1.000000e+000	2.000000e+001	0.8833E-03	0.1060E+00
58	-1.710000e+002	-88.858	1	1	0.0	1.000000e+000	1.000000e+000	1.000000e+000	2.000000e+001	0.8833E-03	0.1060E+00
59	-1.740000e+002	-85.626	1	1	0.0	1.000000e+000	1.000000e+000	1.000000e+000	2.000000e+001	0.8833E-03	0.1060E+00
60	-1.770000e+002	-82.406	1	1	0.0	1.000000e+000	1.000000e+000	1.000000e+000	2.000000e+001	0.8833E-03	0.1060E+00
61	-1.800000e+002	-79.198	1	1	0.0	1.000000e+000	1.000000e+000	1.000000e+000	2.000000e+001	0.8833E-03	0.1060E+00
62	-1.830000e+002	-76.001	1	1	0.0	1.000000e+000	1.000000e+000	1.000000e+000	2.000000e+001	0.8833E-03	0.1060E+00
63	-1.860000e+002	-72.814	1	1	0.0	1.000000e+000	1.000000e+000	1.000000e+000	2.000000e+001	0.8833E-03	0.1060E+00
64	-1.890000e+002	-69.639	1	1	0.0	1.000000e+000	1.000000e+000	1.000000e+000	2.000000e+001	0.8833E-03	0.1060E+00
65	-1.920000e+002	-66.474	1	1	0.0	1.000000e+000	1.000000e+000	1.000000e+000	2.000000e+001	0.8833E-03	0.1060E+00
66	-1.950000e+002	-63.318	1	1	0.0	1.000000e+000	1.000000e+000	1.000000e+000	2.000000e+001	0.8833E-03	0.1060E+00
67	-1.980000e+002	-60.170	1	1	0.0	1.000000e+000	1.000000e+000	1.000000e+000	2.000000e+001	0.8833E-03	0.1060E+00
68	-2.010000e+002	-57.031	1	1	0.0	1.000000e+000	1.000000e+000	1.000000e+000	2.000000e+001	0.8833E-03	0.1060E+00
69	-2.040000e+002	-53.901	1	1	0.0	1.000000e+000	1.000000e+000	1.000000e+000	2.000000e+001	0.8833E-03	0.1060E+00
70	-2.070000e+002	-50.778	1	1	0.0	1.000000e+000	1.000000e+000	1.000000e+000	2.000000e+001	0.8833E-03	0.1060E+00
71	-2.100000e+002	-47.662	1	1	0.0	1.000000e+000	1.000000e+000	1.000000e+000	2.000000e+001	0.8833E-03	0.1060E+00
72	-2.130000e+002	-44.552	1	1	0.0	1.000000e+000	1.000000e+000	1.000000e+000	2.000000e+001	0.8833E-03	0.1060E+00
73	-2.160000e+002	-41.450	1	1	0.0	1.000000e+000	1.000000e+000	1.000000e+000	2.000000e+001	0.8833E-03	0.1060E+00
74	-2.190000e+002	-38.354	1	1	0.0	1.000000e+000	1.000000e+000	1.000000e+000	2.000000e+001	0.8833E-03	0.1060E+00
75	-2.220000e+002	-35.263	1	1	0.0	1.000000e+000	1.000000e+000	1.000000e+000	2.000000e+001	0.8833E-03	0.1060E+00
76	-2.250000e+002	-32.179	1	1	0.0	1.000000e+000	1.000000e+000	1.000000e+000	2.000000e+001	0.8833E-03	0.1060E+00
77	-2.280000e+002	-29.099	1	1	0.0	1.000000e+000	1.000000e+000	1.000000e+000	2.000000e+001	0.8833E-03	0.1060E+00
78	-2.310000e+002	-26.025	1	1	0.0	1.000000e+000	1.000000e+000	1.000000e+000	2.000000e+001	0.8833E-03	0.1060E+00
79	-2.340000e+002	-22.956	1	1	0.0	1.000000e+000	1.000000e+000	1.000000e+000	2.000000e+001	0.8833E-03	0.1060E+00
80	-2.370000e+002	-19.892	1	1	0.0	1.000000e+000	1.000000e+000	1.000000e+000	2.000000e+001	0.8833E-03	0.1060E+00
81	-2.400000e+002	-16.832	1	1	0.0	1.000000e+000	1.000000e+000	1.000000e+000	2.000000e+001	0.8833E-03	0.1060E+00
82	-2.430000e+002	-13.776	1	1	0.0	1.000000e+000	1.000000e+000	1.000000e+000	2.000000e+001	0.8833E-03	0.1060E+00
83	-2.460000e+002	-10.725	1	1	0.0	1.000000e+000	1.000000e+000	1.000000e+000	2.000000e+001	0.8833E-03	0.1060E+00
84	-2.490000e+002	-7.678	1	1	0.0	1.000000e+000	1.000000e+000	1.000000e+000	2.000000e+001	0.8833E-03	0.1060E+00
85	-2.520000e+002	-4.635	1	1	0.0	1.000000e+000	1.000000e+000	1.000000e+000	2.000000e+001	0.8833E-03	0.1060E+00
86	-2.550000e+002	-1.598	1	1	0.0	1.000000e+000	1.000000e+000	1.000000e+000	2.000000e+001	0.8833E-03	0.1060E+00
87	-2.580000e+002	1.435	1	1	0.0	1.000000e+000	1.000000e+000	1.000000e+000	2.000000e+001	0.8833E-03	0.1060E+00
88	-2.610000e+002	4.466	1	1	0.0	1.000000e+000	1.000000e+000	1.000000e+000	2.000000e+001	0.8833E-03	0.1060E+00
89	-2.640000e+002	7.497	1	1	0.0	1.000000e+000	1.000000e+000	1.000000e+000	2.000000e+001	0.8833E-03	0.1060E+00
90	-2.670000e+002	10.527	1	1	0.0	1.000000e+000	1.000000e+000	1.000000e+000	2.000000e+001	0.8833E-03	0.1060E+00
91	-2.700000e+002	13.558	1	1	0.0	1.000000e+000	1.000000e+000	1.000000e+000	2.000000e+001	0.8833E-03	0.1060E+00
92	-2.730000e+002	16.589	1	1	0.0	1.000000e+000	1.000000e+000	1.000000e+000	2.000000e+001	0.8833E-03	0.1060E+00
93	-2.760000e+002	19.619	1	1	0.0	1.000000e+000	1.000000e+000	1.000000e+000	2.000000e+001	0.8833E-03	0.1060E+00
94	-2.790000e+002	22.650	1	1	0.0	1.000000e+000	1.000000e+000	1.000000e+000	2.000000e+001	0.8833E-03	0.1060E+00
95	-2.820000e+002	25.681	1	1	0.0	1.000000e+000	1.000000e+000	1.000000e+000	2.000000e+001	0.8833E-03	0.1060E+00
96	-2.850000e+002	28.711	1	1	0.0	1.000000e+000	1.000000e+000	1.000000e+000	2.000000e+001	0.8833E-03	0.1060E+00
97	-2.880000e+002	31.742	1	1	0.0	1.000000e+000	1.000000e+000	1.000000e+000	2.000000e+001	0.8834E-03	0.1060E+00
98	-2.910000e+002	34.773	1	1	0.0	1.000000e+000	1.000000e+000	1.000000e+000	2.000000e+001	0.8833E-03	0.1060E+00
99	-2.940000e+002	37.803	1	1	0.0	1.000000e+000	1.000000e+000	1.000000e+000	2.000000e+001	0.8824E-03	0.1059E+00
100	-2.970000e+002	40.834	1	1	0.0	1.000000e+000	1.000000e+000	1.000000e+000	2.000000e+001	0.8815E-03	0.1057E+00
101	-3.000000e+002	43.865	1	1	0.0	1.000000e+000	1.000000e+000	1.000000e+000	2.000000e+001	0.8755E-03	0.1054E+00
    3
    1    8   14
