1	-0.000000e+000	-241.434	1	1	0.0	1.000000e+000	1.000000e+000	1.000000e+000	2.000000e+001	0.2930E-02	0.1168E+00
2	-3.000000e+000	-238.049	1	1	0.0	1.000000e+000	1.000000e+000	1.000000e+000	2.000000e+001	0.2960E-02	0.1184E+00
3	-6.000000e+000	-234.578	1	1	0.0	1.000000e+000	1.000000e+000	1.000000e+000	2.000000e+001	0.3009E-02	0.1203E+00
4	-9.000000e+000	-231.037	1	1	1.0	1.000000e+000	1.000000e+000	1.000000e+000	2.000000e+001	0.3012E-02	0.1204E+00
5	-1.200000e+001	-227.425	1	1	1.0	1.000000e+000	1.000000e+000	1.000000e+000	2.000000e+001	0.2967E-02	0.1187E+00
6	-1.500000e+001	-223.757	1	1	1.0	1.000000e+000	1.000000e+000	1.000000e+000	2.000000e+001	0.2875E-02	0.1151E+00
7	-1.800000e+001	-220.044	1	1	0.8749999100000072	1.000000e+000	1.000000e+000	1.000000e+000	2.000000e+001	0.2759E-02	0.1103E+00
8	-2.100000e+001	-216.300	1	1	0.7500000000000001	1.000000e+000	1.000000e+000	1.000000e+000	2.000000e+001	0.2656E-02	0.1062E+00
9	-2.400000e+001	-212.534	1	1	0.6249999100000072	1.000000e+000	1.000000e+000	1.000000e+000	2.000000e+001	0.2588E-02	0.1034E+00
10	-2.700000e+001	-208.756	1	1	0.5	1.000000e+000	1.000000e+000	1.000000e+000	2.000000e+001	0.2552E-02	0.1020E+00
11	-3.000000e+001	-204.974	1	1	0.3749999100000072	1.000000e+000	1.000000e+000	1.000000e+000	2.000000e+001	0.2536E-02	0.1014E+00
12	-3.300000e+001	-201.195	1	1	0.25	1.000000e+000	1.000000e+000	1.000000e+000	2.000000e+001	0.2530E-02	0.1012E+00
13	-3.600000e+001	-197.424	1	1	0.1249999100000072	1.000000e+000	1.000000e+000	1.000000e+000	2.000000e+001	0.2528E-02	0.1011E+00
14	-3.900000e+001	-193.666	1	1	0.0	1.000000e+000	1.000000e+000	1.000000e+000	2.000000e+001	0.2528E-02	0.1011E+00
15	-4.200000e+001	-189.928	1	1	0.0	1.000000e+000	1.000000e+000	1.000000e+000	2.000000e+001	0.2528E-02	0.1011E+00
16	-4.500000e+001	-186.222	1	1	0.0	1.000000e+000	1.000000e+000	1.000000e+000	2.000000e+001	0.2528E-02	0.1011E+00
17	-4.800000e+001	-182.552	1	1	0.0	1.000000e+000	1.000000e+000	1.000000e+000	2.000000e+001	0.2528E-02	0.1011E+00
18	-5.100000e+001	-178.916	1	1	0.0	1.000000e+000	1.000000e+000	1.000000e+000	2.000000e+001	0.2528E-02	0.1011E+00
19	-5.400000e+001	-175.311	1	1	0.0	1.000000e+000	1.000000e+000	1.000000e+000	2.000000e+001	0.2528E-02	0.1011E+00
20	-5.700000e+001	-171.736	1	1	0.0	1.000000e+000	1.000000e+000	1.000000e+000	2.000000e+001	0.2527E-02	0.1011E+00
21	-6.000000e+001	-168.189	1	1	0.0	1.000000e+000	1.000000e+000	1.000000e+000	2.000000e+001	0.2527E-02	0.1011E+00
22	-6.300000e+001	-164.667	1	1	0.0	1.000000e+000	1.000000e+000	1.000000e+000	2.000000e+001	0.2527E-02	0.1011E+00
23	-6.600000e+001	-161.169	1	1	0.0	1.000000e+000	1.000000e+000	1.000000e+000	2.000000e+001	0.2528E-02	0.1011E+00
24	-6.900000e+001	-157.694	1	1	0.0	1.000000e+000	1.000000e+000	1.000000e+000	2.000000e+001	0.2527E-02	0.1011E+00
25	-7.200000e+001	-154.239	1	1	0.0	1.000000e+000	1.000000e+000	1.000000e+000	2.000000e+001	0.2528E-02	0.1011E+00
26	-7.500000e+001	-150.805	1	1	0.0	1.000000e+000	1.000000e+000	1.000000e+000	2.000000e+001	0.2528E-02	0.1011E+00
27	-7.800000e+001	-147.396	1	1	0.0	1.000000e+000	1.000000e+000	1.000000e+000	2.000000e+001	0.2528E-02	0.1011E+00
28	-8.100000e+001	-144.014	1	1	0.0	1.000000e+000	1.000000e+000	1.000000e+000	2.000000e+001	0.2528E-02	0.1011E+00
29	-8.400000e+001	-140.655	1	1	0.0	1.000000e+000	1.000000e+000	1.000000e+000	2.000000e+001	0.2528E-02	0.1011E+00
30	-8.700000e+001	-137.317	1	1	0.0	1.000000e+000	1.000000e+000	1.000000e+000	2.000000e+001	0.2528E-02	0.1011E+00
31	-9.000000e+001	-133.998	1	1	0.0	1.000000e+000	1.000000e+000	1.000000e+000	2.000000e+001	0.2528E-02	0.1011E+00
32	-9.300000e+001	-130.696	1	1	0.0	1.000000e+000	1.000000e+000	1.000000e+000	2.000000e+001	0.2528E-02	0.1011E+00
33	-9.600000e+001	-127.409	1	1	0.0	1.000000e+000	1.000000e+000	1.000000e+000	2.000000e+001	0.2528E-02	0.1011E+00
34	-9.900000e+001	-124.136	1	1	0.0	1.000000e+000	1.000000e+000	1.000000e+000	2.000000e+001	0.2528E-02	0.1011E+00
35	-1.020000e+002	-120.877	1	1	0.0	1.000000e+000	1.000000e+000	1.000000e+000	2.000000e+001	0.2528E-02	0.1011E+00
36	-1.050000e+002	-117.631	1	1	0.0	1.000000e+000	1.000000e+000	1.000000e+000	2.000000e+001	0.2528E-02	0.1011E+00
37	-1.080000e+002	-114.401	1	1	0.0	1.000000e+000	1.000000e+000	1.000000e+000	2.000000e+001	0.2528E-02	0.1011E+00
38	-1.110000e+002	-111.186	1	1	0.0	1.000000e+000	1.000000e+000	1.000000e+000	2.000000e+001	0.2528E-02	0.1011E+00
39	-1.140000e+002	-107.983	1	1	0.0	1.000000e+000	1.000000e+000	1.000000e+000	2.000000e+001	0.2528E-02	0.1011E+00
40	-1.170000e+002	-104.791	1	1	0.0	1.000000e+000	1.000000e+000	1.000000e+000	2.000000e+001	0.2528E-02	0.1011E+00
41	-1.200000e+002	-101.609	1	1	0.0	1.000000e+000	1.000000e+000	1.000000e+000	2.000000e+001	0.2528E-02	0.1011E+00
42	-1.230000e+002	-98.437	1	1	0.0	1.000000e+000	1.000000e+000	1.000000e+000	2.000000e+001	0.2528E-02	0.1011E+00
43	-1.260000e+002	-95.273	1	1	0.0	1.000000e+000	1.000000e+000	1.000000e+000	2.000000e+001	0.2528E-02	0.1011E+00
44	-1.290000e+002	-92.119	1	1	0.0	1.000000e+000	1.000000e+000	1.000000e+000	2.000000e+001	0.2528E-02	0.1011E+00
45	-1.320000e+002	-88.975	1	1	0.0	1.000000e+000	1.000000e+000	1.000000e+000	2.000000e+001	0.2528E-02	0.1011E+00
46	-1.350000e+002	-85.839	1	1	0.0	1.000000e+000	1.000000e+000	1.000000e+000	2.000000e+001	0.2528E-02	0.1011E+00
47	-1.380000e+002	-82.710	1	1	0.0	1.000000e+000	1.000000e+000	1.000000e+000	2.000000e+001	0.2528E-02	0.1011E+00
48	-1.410000e+002	-79.589	1	1	0.0	1.000000e+000	1.000000e+000	1.000000e+000	2.000000e+001	0.2528E-02	0.1011E+00
49	-1.440000e+002	-76.474	1	1	0.0	1.000000e+000	1.000000e+000	1.000000e+000	2.000000e+001	0.2528E-02	0.1011E+00
50	-1.470000e+002	-73.365	1	1	0.0	1.000000e+000	1.000000e+000	1.000000e+000	2.000000e+001	0.2528E-02	0.1011E+00
51	-1.500000e+002	-70.263	1	1	0.0	1.000000e+000	1.000000e+000	1.000000e+000	2.000000e+001	0.2528E-02	0.1011E+00
52	-1.530000e+002	-67.168	1	1	0.0	1.000000e+000	1.000000e+000	1.000000e+000	2.000000e+001	0.2528E-02	0.1011E+00
53	-1.560000e+002	-64.077	1	1	0.0	1.000000e+000	1.000000e+000	1.000000e+000	2.000000e+001	0.2528E-02	0.1011E+00
54	-1.590000e+002	-60.992	1	1	0.0	1.000000e+000	1.000000e+000	1.000000e+000	2.000000e+001	0.2528E-02	0.1011E+00
55	-1.620000e+002	-57.911	1	1	0.0	1.000000e+000	1.000000e+000	1.000000e+000	2.000000e+001	0.2528E-02	0.1011E+00
56	-1.650000e+002	-54.836	1	1	0.0	1.000000e+000	1.000000e+000	1.000000e+000	2.000000e+001	0.2528E-02	0.1011E+00
57	-1.680000e+002	-51.765	1	1	0.0	1.000000e+000	1.000000e+000	1.000000e+000	2.000000e+001	0.2528E-02	0.1011E+00
58	-1.710000e+002	-48.698	1	1	0.0	1.000000e+000	1.000000e+000	1.000000e+000	2.000000e+001	0.2528E-02	0.1011E+00
59	-1.740000e+002	-45.635	1	1	0.0	1.000000e+000	1.000000e+000	1.000000e+000	2.000000e+001	0.2528E-02	0.1011E+00
60	-1.770000e+002	-42.575	1	1	0.0	1.000000e+000	1.000000e+000	1.000000e+000	2.000000e+001	0.2528E-02	0.1011E+00
61	-1.800000e+002	-39.520	1	1	0.0	1.000000e+000	1.000000e+000	1.000000e+000	2.000000e+001	0.2528E-02	0.1011E+00
62	-1.830000e+002	-36.468	1	1	0.0	1.000000e+000	1.000000e+000	1.000000e+000	2.000000e+001	0.2528E-02	0.1011E+00
63	-1.860000e+002	-33.419	1	1	0.0	1.000000e+000	1.000000e+000	1.000000e+000	2.000000e+001	0.2528E-02	0.1011E+00
64	-1.890000e+002	-30.373	1	1	0.0	1.000000e+000	1.000000e+000	1.000000e+000	2.000000e+001	0.2528E-02	0.1011E+00
65	-1.920000e+002	-27.330	1	1	0.0	1.000000e+000	1.000000e+000	1.000000e+000	2.000000e+001	0.2528E-02	0.1011E+00
66	-1.950000e+002	-24.290	1	1	0.0	1.000000e+000	1.000000e+000	1.000000e+000	2.000000e+001	0.2528E-02	0.1011E+00
67	-1.980000e+002	-21.253	1	1	0.0	1.000000e+000	1.000000e+000	1.000000e+000	2.000000e+001	0.2528E-02	0.1011E+00
68	-2.010000e+002	-18.219	1	1	0.0	1.000000e+000	1.000000e+000	1.000000e+000	2.000000e+001	0.2528E-02	0.1011E+00
69	-2.040000e+002	-15.186	1	1	0.0	1.000000e+000	1.000000e+000	1.000000e+000	2.000000e+001	0.2528E-02	0.1011E+00
70	-2.070000e+002	-12.157	1	1	0.0	1.000000e+000	1.000000e+000	1.000000e+000	2.000000e+001	0.2528E-02	0.1011E+00
71	-2.100000e+002	-9.129	1	1	0.0	1.000000e+000	1.000000e+000	1.000000e+000	2.000000e+001	0.2528E-02	0.1011E+00
72	-2.130000e+002	-6.104	1	1	0.0	1.000000e+000	1.000000e+000	1.000000e+000	2.000000e+001	0.2528E-02	0.1011E+00
73	-2.160000e+002	-3.082	1	1	0.0	1.000000e+000	1.000000e+000	1.000000e+000	2.000000e+001	0.2528E-02	0.1011E+00
74	-2.190000e+002	-0.063	1	1	0.0	1.000000e+000	1.000000e+000	1.000000e+000	2.000000e+001	0.2528E-02	0.1011E+00
75	-2.220000e+002	2.955	1	1	0.0	1.000000e+000	1.000000e+000	1.000000e+000	2.000000e+001	0.2528E-02	0.1011E+00
76	-2.250000e+002	5.972	1	1	0.0	1.000000e+000	1.000000e+000	1.000000e+000	2.000000e+001	0.2528E-02	0.1011E+00
77	-2.280000e+002	8.989	1	1	0.0	1.000000e+000	1.000000e+000	1.000000e+000	2.000000e+001	0.2528E-02	0.1011E+00
78	-2.310000e+002	12.006	1	1	0.0	1.000000e+000	1.000000e+000	1.000000e+000	2.000000e+001	0.2528E-02	0.1011E+00
79	-2.340000e+002	15.023	1	1	0.0	1.000000e+000	1.000000e+000	1.000000e+000	2.000000e+001	0.2528E-02	0.1011E+00
80	-2.370000e+002	18.040	1	1	0.0	1.000000e+000	1.000000e+000	1.000000e+000	2.000000e+001	0.2528E-02	0.1011E+00
81	-2.400000e+002	21.057	1	1	0.0	1.000000e+000	1.000000e+000	1.000000e+000	2.000000e+001	0.2528E-02	0.1011E+00
82	-2.430000e+002	24.074	1	1	0.0	1.000000e+000	1.000000e+000	1.000000e+000	2.000000e+001	0.2528E-02	0.1011E+00
83	-2.460000e+002	27.091	1	1	0.0	1.000000e+000	1.000000e+000	1.000000e+000	2.000000e+001	0.2528E-02	0.1011E+00
84	-2.490000e+002	30.109	1	1	0.0	1.000000e+000	1.000000e+000	1.000000e+000	2.000000e+001	0.2528E-02	0.1011E+00
85	-2.520000e+002	33.126	1	1	0.0	1.000000e+000	1.000000e+000	1.000000e+000	2.000000e+001	0.2528E-02	0.1011E+00
86	-2.550000e+002	36.143	1	1	0.0	1.000000e+000	1.000000e+000	1.000000e+000	2.000000e+001	0.2528E-02	0.1011E+00
87	-2.580000e+002	39.160	1	1	0.0	1.000000e+000	1.000000e+000	1.000000e+000	2.000000e+001	0.2528E-02	0.1011E+00
88	-2.610000e+002	42.177	1	1	0.0	1.000000e+000	1.000000e+000	1.000000e+000	2.000000e+001	0.2528E-02	0.1011E+00
89	-2.640000e+002	45.194	1	1	0.0	1.000000e+000	1.000000e+000	1.000000e+000	2.000000e+001	0.2528E-02	0.1011E+00
90	-2.670000e+002	48.211	1	1	0.0	1.000000e+000	1.000000e+000	1.000000e+000	2.000000e+001	0.2528E-02	0.1011E+00
91	-2.700000e+002	51.228	1	1	0.0	1.000000e+000	1.000000e+000	1.000000e+000	2.000000e+001	0.2528E-02	0.1011E+00
92	-2.730000e+002	54.245	1	1	0.0	1.000000e+000	1.000000e+000	1.000000e+000	2.000000e+001	0.2528E-02	0.1011E+00
93	-2.760000e+002	57.263	1	1	0.0	1.000000e+000	1.000000e+000	1.000000e+000	2.000000e+001	0.2528E-02	0.1011E+00
94	-2.790000e+002	60.280	1	1	0.0	1.000000e+000	1.000000e+000	1.000000e+000	2.000000e+001	0.2527E-02	0.1011E+00
95	-2.820000e+002	63.297	1	1	0.0	1.000000e+000	1.000000e+000	1.000000e+000	2.000000e+001	0.2525E-02	0.1010E+00
96	-2.850000e+002	66.314	1	1	0.0	1.000000e+000	1.000000e+000	1.000000e+000	2.000000e+001	0.2525E-02	0.1010E+00
97	-2.880000e+002	69.331	1	1	0.0	1.000000e+000	1.000000e+000	1.000000e+000	2.000000e+001	0.2525E-02	0.1010E+00
98	-2.910000e+002	72.348	1	1	0.0	1.000000e+000	1.000000e+000	1.000000e+000	2.000000e+001	0.2523E-02	0.1009E+00
99	-2.940000e+002	75.365	1	1	0.0	1.000000e+000	1.000000e+000	1.000000e+000	2.000000e+001	0.2519E-02	0.1008E+00
100	-2.970000e+002	78.382	1	1	0.0	1.000000e+000	1.000000e+000	1.000000e+000	2.000000e+001	0.2518E-02	0.1006E+00
101	-3.000000e+002	81.399	1	1	0.0	1.000000e+000	1.000000e+000	1.000000e+000	2.000000e+001	0.2490E-02	0.1003E+00
