1	-0.000000e+000	-242.171	1	1	0.0	1.000000e+000	1.000000e+000	1.000000e+000	2.000000e+001	0.8076E-02	0.9086E-01
2	-3.000000e+000	-239.112	1	1	0.0	1.000000e+000	1.000000e+000	1.000000e+000	2.000000e+001	0.8184E-02	0.9229E-01
3	-6.000000e+000	-236.091	1	1	0.0	1.000000e+000	1.000000e+000	1.000000e+000	2.000000e+001	0.8426E-02	0.9504E-01
4	-9.000000e+000	-233.105	1	1	1.0	1.000000e+000	1.000000e+000	1.000000e+000	2.000000e+001	0.8635E-02	0.9748E-01
5	-1.200000e+001	-230.136	1	1	1.0	1.000000e+000	1.000000e+000	1.000000e+000	2.000000e+001	0.8794E-02	0.9930E-01
6	-1.500000e+001	-227.183	1	1	1.0	1.000000e+000	1.000000e+000	1.000000e+000	2.000000e+001	0.8891E-02	0.1004E+00
7	-1.800000e+001	-224.242	1	1	1.0	1.000000e+000	1.000000e+000	1.000000e+000	2.000000e+001	0.8952E-02	0.1011E+00
8	-2.100000e+001	-221.312	1	1	1.0	1.000000e+000	1.000000e+000	1.000000e+000	2.000000e+001	0.8980E-02	0.1014E+00
9	-2.400000e+001	-218.390	1	1	0.9895831848333453	1.000000e+000	1.000000e+000	1.000000e+000	2.000000e+001	0.8989E-02	0.1015E+00
10	-2.700000e+001	-215.476	1	1	0.9374999730000022	1.000000e+000	1.000000e+000	1.000000e+000	2.000000e+001	0.8980E-02	0.1014E+00
11	-3.000000e+001	-212.568	1	1	0.885416761166659	1.000000e+000	1.000000e+000	1.000000e+000	2.000000e+001	0.8949E-02	0.1010E+00
12	-3.300000e+001	-209.666	1	1	0.8333331173333507	1.000000e+000	1.000000e+000	1.000000e+000	2.000000e+001	0.8922E-02	0.1007E+00
13	-3.600000e+001	-206.769	1	1	0.7812499055000076	1.000000e+000	1.000000e+000	1.000000e+000	2.000000e+001	0.8897E-02	0.1004E+00
14	-3.900000e+001	-203.877	1	1	0.7291666936666645	1.000000e+000	1.000000e+000	1.000000e+000	2.000000e+001	0.8878E-02	0.1002E+00
15	-4.200000e+001	-200.989	1	1	0.6770834818333215	1.000000e+000	1.000000e+000	1.000000e+000	2.000000e+001	0.8863E-02	0.1000E+00
16	-4.500000e+001	-198.105	1	1	0.624999838000013	1.000000e+000	1.000000e+000	1.000000e+000	2.000000e+001	0.8861E-02	0.1000E+00
17	-4.800000e+001	-195.226	1	1	0.5729166261666699	1.000000e+000	1.000000e+000	1.000000e+000	2.000000e+001	0.8855E-02	0.9993E-01
18	-5.100000e+001	-192.350	1	1	0.5208334143333269	1.000000e+000	1.000000e+000	1.000000e+000	2.000000e+001	0.8845E-02	0.9981E-01
19	-5.400000e+001	-189.477	1	1	0.46874977050001837	1.000000e+000	1.000000e+000	1.000000e+000	2.000000e+001	0.8835E-02	0.9969E-01
20	-5.700000e+001	-186.607	1	1	0.41666655866667535	1.000000e+000	1.000000e+000	1.000000e+000	2.000000e+001	0.8826E-02	0.9958E-01
21	-6.000000e+001	-183.739	1	1	0.36458334683333227	1.000000e+000	1.000000e+000	1.000000e+000	2.000000e+001	0.8818E-02	0.9949E-01
22	-6.300000e+001	-180.874	1	1	0.31250013499998924	1.000000e+000	1.000000e+000	1.000000e+000	2.000000e+001	0.8811E-02	0.9941E-01
23	-6.600000e+001	-178.010	1	1	0.26041649116668075	1.000000e+000	1.000000e+000	1.000000e+000	2.000000e+001	0.8805E-02	0.9933E-01
24	-6.900000e+001	-175.149	1	1	0.20833327933333767	1.000000e+000	1.000000e+000	1.000000e+000	2.000000e+001	0.8800E-02	0.9927E-01
25	-7.200000e+001	-172.290	1	1	0.15625006749999462	1.000000e+000	1.000000e+000	1.000000e+000	2.000000e+001	0.8795E-02	0.9921E-01
26	-7.500000e+001	-169.432	1	1	0.10416685566665156	1.000000e+000	1.000000e+000	1.000000e+000	2.000000e+001	0.8791E-02	0.9917E-01
27	-7.800000e+001	-166.577	1	1	0.05208321183334306	1.000000e+000	1.000000e+000	1.000000e+000	2.000000e+001	0.8788E-02	0.9912E-01
28	-8.100000e+001	-163.723	1	1	0.0	1.000000e+000	1.000000e+000	1.000000e+000	2.000000e+001	0.8786E-02	0.9910E-01
29	-8.400000e+001	-160.871	1	1	0.0	1.000000e+000	1.000000e+000	1.000000e+000	2.000000e+001	0.8786E-02	0.9910E-01
30	-8.700000e+001	-158.021	1	1	0.0	1.000000e+000	1.000000e+000	1.000000e+000	2.000000e+001	0.8785E-02	0.9909E-01
31	-9.000000e+001	-155.171	1	1	0.0	1.000000e+000	1.000000e+000	1.000000e+000	2.000000e+001	0.8785E-02	0.9909E-01
32	-9.300000e+001	-152.323	1	1	0.0	1.000000e+000	1.000000e+000	1.000000e+000	2.000000e+001	0.8785E-02	0.9909E-01
33	-9.600000e+001	-149.473	1	1	0.0	1.000000e+000	1.000000e+000	1.000000e+000	2.000000e+001	0.8785E-02	0.9909E-01
34	-9.900000e+001	-146.621	1	1	0.0	1.000000e+000	1.000000e+000	1.000000e+000	2.000000e+001	0.8785E-02	0.9909E-01
35	-1.020000e+002	-143.767	1	1	0.0	1.000000e+000	1.000000e+000	1.000000e+000	2.000000e+001	0.8785E-02	0.9909E-01
36	-1.050000e+002	-140.911	1	1	0.0	1.000000e+000	1.000000e+000	1.000000e+000	2.000000e+001	0.8785E-02	0.9909E-01
37	-1.080000e+002	-138.052	1	1	0.0	1.000000e+000	1.000000e+000	1.000000e+000	2.000000e+001	0.8785E-02	0.9909E-01
38	-1.110000e+002	-135.190	1	1	0.0	1.000000e+000	1.000000e+000	1.000000e+000	2.000000e+001	0.8785E-02	0.9909E-01
39	-1.140000e+002	-132.326	1	1	0.0	1.000000e+000	1.000000e+000	1.000000e+000	2.000000e+001	0.8785E-02	0.9909E-01
40	-1.170000e+002	-129.460	1	1	0.0	1.000000e+000	1.000000e+000	1.000000e+000	2.000000e+001	0.8785E-02	0.9909E-01
41	-1.200000e+002	-126.592	1	1	0.0	1.000000e+000	1.000000e+000	1.000000e+000	2.000000e+001	0.8785E-02	0.9909E-01
42	-1.230000e+002	-123.721	1	1	0.0	1.000000e+000	1.000000e+000	1.000000e+000	2.000000e+001	0.8785E-02	0.9909E-01
43	-1.260000e+002	-120.848	1	1	0.0	1.000000e+000	1.000000e+000	1.000000e+000	2.000000e+001	0.8785E-02	0.9909E-01
44	-1.290000e+002	-117.971	1	1	0.0	1.000000e+000	1.000000e+000	1.000000e+000	2.000000e+001	0.8785E-02	0.9909E-01
45	-1.320000e+002	-115.090	1	1	0.0	1.000000e+000	1.000000e+000	1.000000e+000	2.000000e+001	0.8785E-02	0.9909E-01
46	-1.350000e+002	-112.205	1	1	0.0	1.000000e+000	1.000000e+000	1.000000e+000	2.000000e+001	0.8785E-02	0.9909E-01
47	-1.380000e+002	-109.316	1	1	0.0	1.000000e+000	1.000000e+000	1.000000e+000	2.000000e+001	0.8785E-02	0.9909E-01
48	-1.410000e+002	-106.423	1	1	0.0	1.000000e+000	1.000000e+000	1.000000e+000	2.000000e+001	0.8785E-02	0.9909E-01
49	-1.440000e+002	-103.526	1	1	0.0	1.000000e+000	1.000000e+000	1.000000e+000	2.000000e+001	0.8785E-02	0.9909E-01
50	-1.470000e+002	-100.626	1	1	0.0	1.000000e+000	1.000000e+000	1.000000e+000	2.000000e+001	0.8785E-02	0.9909E-01
51	-1.500000e+002	-97.724	1	1	0.0	1.000000e+000	1.000000e+000	1.000000e+000	2.000000e+001	0.8785E-02	0.9909E-01
52	-1.530000e+002	-94.818	1	1	0.0	1.000000e+000	1.000000e+000	1.000000e+000	2.000000e+001	0.8785E-02	0.9909E-01
53	-1.560000e+002	-91.908	1	1	0.0	1.000000e+000	1.000000e+000	1.000000e+000	2.000000e+001	0.8785E-02	0.9909E-01
54	-1.590000e+002	-88.994	1	1	0.0	1.000000e+000	1.000000e+000	1.000000e+000	2.000000e+001	0.8785E-02	0.9909E-01
55	-1.620000e+002	-86.076	1	1	0.0	1.000000e+000	1.000000e+000	1.000000e+000	2.000000e+001	0.8785E-02	0.9909E-01
56	-1.650000e+002	-83.155	1	1	0.0	1.000000e+000	1.000000e+000	1.000000e+000	2.000000e+001	0.8785E-02	0.9909E-01
57	-1.680000e+002	-80.230	1	1	0.0	1.000000e+000	1.000000e+000	1.000000e+000	2.000000e+001	0.8785E-02	0.9909E-01
58	-1.710000e+002	-77.303	1	1	0.0	1.000000e+000	1.000000e+000	1.000000e+000	2.000000e+001	0.8785E-02	0.9909E-01
59	-1.740000e+002	-74.373	1	1	0.0	1.000000e+000	1.000000e+000	1.000000e+000	2.000000e+001	0.8785E-02	0.9909E-01
60	-1.770000e+002	-71.439	1	1	0.0	1.000000e+000	1.000000e+000	1.000000e+000	2.000000e+001	0.8785E-02	0.9909E-01
61	-1.800000e+002	-68.502	1	1	0.0	1.000000e+000	1.000000e+000	1.000000e+000	2.000000e+001	0.8785E-02	0.9909E-01
62	-1.830000e+002	-65.562	1	1	0.0	1.000000e+000	1.000000e+000	1.000000e+000	2.000000e+001	0.8785E-02	0.9909E-01
63	-1.860000e+002	-62.619	1	1	0.0	1.000000e+000	1.000000e+000	1.000000e+000	2.000000e+001	0.8785E-02	0.9909E-01
64	-1.890000e+002	-59.673	1	1	0.0	1.000000e+000	1.000000e+000	1.000000e+000	2.000000e+001	0.8785E-02	0.9909E-01
65	-1.920000e+002	-56.725	1	1	0.0	1.000000e+000	1.000000e+000	1.000000e+000	2.000000e+001	0.8785E-02	0.9909E-01
66	-1.950000e+002	-53.774	1	1	0.0	1.000000e+000	1.000000e+000	1.000000e+000	2.000000e+001	0.8785E-02	0.9909E-01
67	-1.980000e+002	-50.821	1	1	0.0	1.000000e+000	1.000000e+000	1.000000e+000	2.000000e+001	0.8785E-02	0.9909E-01
68	-2.010000e+002	-47.865	1	1	0.0	1.000000e+000	1.000000e+000	1.000000e+000	2.000000e+001	0.8785E-02	0.9909E-01
69	-2.040000e+002	-44.907	1	1	0.0	1.000000e+000	1.000000e+000	1.000000e+000	2.000000e+001	0.8785E-02	0.9909E-01
70	-2.070000e+002	-41.946	1	1	0.0	1.000000e+000	1.000000e+000	1.000000e+000	2.000000e+001	0.8785E-02	0.9909E-01
71	-2.100000e+002	-38.983	1	1	0.0	1.000000e+000	1.000000e+000	1.000000e+000	2.000000e+001	0.8785E-02	0.9909E-01
72	-2.130000e+002	-36.018	1	1	0.0	1.000000e+000	1.000000e+000	1.000000e+000	2.000000e+001	0.8785E-02	0.9909E-01
73	-2.160000e+002	-33.051	1	1	0.0	1.000000e+000	1.000000e+000	1.000000e+000	2.000000e+001	0.8785E-02	0.9909E-01
74	-2.190000e+002	-30.083	1	1	0.0	1.000000e+000	1.000000e+000	1.000000e+000	2.000000e+001	0.8785E-02	0.9909E-01
75	-2.220000e+002	-27.112	1	1	0.0	1.000000e+000	1.000000e+000	1.000000e+000	2.000000e+001	0.8784E-02	0.9908E-01
76	-2.250000e+002	-24.139	1	1	0.0	1.000000e+000	1.000000e+000	1.000000e+000	2.000000e+001	0.8784E-02	0.9908E-01
77	-2.280000e+002	-21.165	1	1	0.0	1.000000e+000	1.000000e+000	1.000000e+000	2.000000e+001	0.8784E-02	0.9907E-01
78	-2.310000e+002	-18.189	1	1	0.0	1.000000e+000	1.000000e+000	1.000000e+000	2.000000e+001	0.8783E-02	0.9907E-01
79	-2.340000e+002	-15.211	1	1	0.0	1.000000e+000	1.000000e+000	1.000000e+000	2.000000e+001	0.8782E-02	0.9906E-01
80	-2.370000e+002	-12.232	1	1	0.0	1.000000e+000	1.000000e+000	1.000000e+000	2.000000e+001	0.8782E-02	0.9905E-01
81	-2.400000e+002	-9.251	1	1	0.0	1.000000e+000	1.000000e+000	1.000000e+000	2.000000e+001	0.8781E-02	0.9904E-01
82	-2.430000e+002	-6.268	1	1	0.0	1.000000e+000	1.000000e+000	1.000000e+000	2.000000e+001	0.8780E-02	0.9903E-01
83	-2.460000e+002	-3.284	1	1	0.0	1.000000e+000	1.000000e+000	1.000000e+000	2.000000e+001	0.8779E-02	0.9902E-01
84	-2.490000e+002	-0.298	1	1	0.0	1.000000e+000	1.000000e+000	1.000000e+000	2.000000e+001	0.8778E-02	0.9901E-01
85	-2.520000e+002	2.690	1	1	0.0	1.000000e+000	1.000000e+000	1.000000e+000	2.000000e+001	0.8776E-02	0.9899E-01
86	-2.550000e+002	5.678	1	1	0.0	1.000000e+000	1.000000e+000	1.000000e+000	2.000000e+001	0.8774E-02	0.9897E-01
87	-2.580000e+002	8.666	1	1	0.0	1.000000e+000	1.000000e+000	1.000000e+000	2.000000e+001	0.8772E-02	0.9895E-01
88	-2.610000e+002	11.654	1	1	0.0	1.000000e+000	1.000000e+000	1.000000e+000	2.000000e+001	0.8770E-02	0.9892E-01
89	-2.640000e+002	14.642	1	1	0.0	1.000000e+000	1.000000e+000	1.000000e+000	2.000000e+001	0.8767E-02	0.9889E-01
90	-2.670000e+002	17.630	1	1	0.0	1.000000e+000	1.000000e+000	1.000000e+000	2.000000e+001	0.8764E-02	0.9885E-01
91	-2.700000e+002	20.618	1	1	0.0	1.000000e+000	1.000000e+000	1.000000e+000	2.000000e+001	0.8759E-02	0.9880E-01
92	-2.730000e+002	23.607	1	1	0.0	1.000000e+000	1.000000e+000	1.000000e+000	2.000000e+001	0.8753E-02	0.9873E-01
93	-2.760000e+002	26.595	1	1	0.0	1.000000e+000	1.000000e+000	1.000000e+000	2.000000e+001	0.8745E-02	0.9864E-01
94	-2.790000e+002	29.583	1	1	0.0	1.000000e+000	1.000000e+000	1.000000e+000	2.000000e+001	0.8734E-02	0.9853E-01
95	-2.820000e+002	32.571	1	1	0.0	1.000000e+000	1.000000e+000	1.000000e+000	2.000000e+001	0.8721E-02	0.9837E-01
96	-2.850000e+002	35.559	1	1	0.0	1.000000e+000	1.000000e+000	1.000000e+000	2.000000e+001	0.8701E-02	0.9816E-01
97	-2.880000e+002	38.547	1	1	0.0	1.000000e+000	1.000000e+000	1.000000e+000	2.000000e+001	0.8674E-02	0.9787E-01
98	-2.910000e+002	41.535	1	1	0.0	1.000000e+000	1.000000e+000	1.000000e+000	2.000000e+001	0.8631E-02	0.9741E-01
99	-2.940000e+002	44.523	1	1	0.0	1.000000e+000	1.000000e+000	1.000000e+000	2.000000e+001	0.8561E-02	0.9668E-01
100	-2.970000e+002	47.511	1	1	0.0	1.000000e+000	1.000000e+000	1.000000e+000	2.000000e+001	0.8445E-02	0.9534E-01
101	-3.000000e+002	50.499	1	1	0.0	1.000000e+000	1.000000e+000	1.000000e+000	2.000000e+001	0.8445E-02	0.9297E-01
