1	-0.000000e+000	-220.998	1	1	0.0	1.000000e+000	1.000000e+000	1.000000e+000	2.000000e+001	0.7872E-02	0.8790E-01
2	-3.000000e+000	-217.877	1	1	0.0	1.000000e+000	1.000000e+000	1.000000e+000	2.000000e+001	0.7934E-02	0.8952E-01
3	-6.000000e+000	-214.769	1	1	0.0	1.000000e+000	1.000000e+000	1.000000e+000	2.000000e+001	0.8194E-02	0.9243E-01
4	-9.000000e+000	-211.673	1	1	1.0	1.000000e+000	1.000000e+000	1.000000e+000	2.000000e+001	0.8411E-02	0.9498E-01
5	-1.200000e+001	-208.582	1	1	1.0	1.000000e+000	1.000000e+000	1.000000e+000	2.000000e+001	0.8594E-02	0.9704E-01
6	-1.500000e+001	-205.497	1	1	1.0	1.000000e+000	1.000000e+000	1.000000e+000	2.000000e+001	0.8729E-02	0.9857E-01
7	-1.800000e+001	-202.416	1	1	1.0	1.000000e+000	1.000000e+000	1.000000e+000	2.000000e+001	0.8822E-02	0.9961E-01
8	-2.100000e+001	-199.341	1	1	1.0	1.000000e+000	1.000000e+000	1.000000e+000	2.000000e+001	0.8887E-02	0.1004E+00
9	-2.400000e+001	-196.270	1	1	0.9895831848333453	1.000000e+000	1.000000e+000	1.000000e+000	2.000000e+001	0.8917E-02	0.1007E+00
10	-2.700000e+001	-193.205	1	1	0.9374999730000022	1.000000e+000	1.000000e+000	1.000000e+000	2.000000e+001	0.8927E-02	0.1008E+00
11	-3.000000e+001	-190.147	1	1	0.885416761166659	1.000000e+000	1.000000e+000	1.000000e+000	2.000000e+001	0.8926E-02	0.1008E+00
12	-3.300000e+001	-187.096	1	1	0.8333331173333507	1.000000e+000	1.000000e+000	1.000000e+000	2.000000e+001	0.8911E-02	0.1006E+00
13	-3.600000e+001	-184.055	1	1	0.7812499055000076	1.000000e+000	1.000000e+000	1.000000e+000	2.000000e+001	0.8894E-02	0.1004E+00
14	-3.900000e+001	-181.022	1	1	0.7291666936666645	1.000000e+000	1.000000e+000	1.000000e+000	2.000000e+001	0.8877E-02	0.1002E+00
15	-4.200000e+001	-177.998	1	1	0.6770834818333215	1.000000e+000	1.000000e+000	1.000000e+000	2.000000e+001	0.8861E-02	0.1000E+00
16	-4.500000e+001	-174.983	1	1	0.624999838000013	1.000000e+000	1.000000e+000	1.000000e+000	2.000000e+001	0.8855E-02	0.9994E-01
17	-4.800000e+001	-171.976	1	1	0.5729166261666699	1.000000e+000	1.000000e+000	1.000000e+000	2.000000e+001	0.8851E-02	0.9989E-01
18	-5.100000e+001	-168.977	1	1	0.5208334143333269	1.000000e+000	1.000000e+000	1.000000e+000	2.000000e+001	0.8842E-02	0.9978E-01
19	-5.400000e+001	-165.987	1	1	0.46874977050001837	1.000000e+000	1.000000e+000	1.000000e+000	2.000000e+001	0.8834E-02	0.9968E-01
20	-5.700000e+001	-163.005	1	1	0.41666655866667535	1.000000e+000	1.000000e+000	1.000000e+000	2.000000e+001	0.8825E-02	0.9959E-01
21	-6.000000e+001	-160.030	1	1	0.36458334683333227	1.000000e+000	1.000000e+000	1.000000e+000	2.000000e+001	0.8819E-02	0.9951E-01
22	-6.300000e+001	-157.064	1	1	0.31250013499998924	1.000000e+000	1.000000e+000	1.000000e+000	2.000000e+001	0.8812E-02	0.9943E-01
23	-6.600000e+001	-154.105	1	1	0.26041649116668075	1.000000e+000	1.000000e+000	1.000000e+000	2.000000e+001	0.8807E-02	0.9937E-01
24	-6.900000e+001	-151.153	1	1	0.20833327933333767	1.000000e+000	1.000000e+000	1.000000e+000	2.000000e+001	0.8802E-02	0.9930E-01
25	-7.200000e+001	-148.209	1	1	0.15625006749999462	1.000000e+000	1.000000e+000	1.000000e+000	2.000000e+001	0.8797E-02	0.9924E-01
26	-7.500000e+001	-145.271	1	1	0.10416685566665156	1.000000e+000	1.000000e+000	1.000000e+000	2.000000e+001	0.8793E-02	0.9919E-01
27	-7.800000e+001	-142.339	1	1	0.05208321183334306	1.000000e+000	1.000000e+000	1.000000e+000	2.000000e+001	0.8790E-02	0.9915E-01
28	-8.100000e+001	-139.412	1	1	0.0	1.000000e+000	1.000000e+000	1.000000e+000	2.000000e+001	0.8788E-02	0.9912E-01
29	-8.400000e+001	-136.490	1	1	0.0	1.000000e+000	1.000000e+000	1.000000e+000	2.000000e+001	0.8786E-02	0.9910E-01
30	-8.700000e+001	-133.573	1	1	0.0	1.000000e+000	1.000000e+000	1.000000e+000	2.000000e+001	0.8785E-02	0.9909E-01
31	-9.000000e+001	-130.660	1	1	0.0	1.000000e+000	1.000000e+000	1.000000e+000	2.000000e+001	0.8785E-02	0.9909E-01
32	-9.300000e+001	-127.750	1	1	0.0	1.000000e+000	1.000000e+000	1.000000e+000	2.000000e+001	0.8785E-02	0.9909E-01
33	-9.600000e+001	-124.844	1	1	0.0	1.000000e+000	1.000000e+000	1.000000e+000	2.000000e+001	0.8785E-02	0.9909E-01
34	-9.900000e+001	-121.941	1	1	0.0	1.000000e+000	1.000000e+000	1.000000e+000	2.000000e+001	0.8785E-02	0.9909E-01
35	-1.020000e+002	-119.040	1	1	0.0	1.000000e+000	1.000000e+000	1.000000e+000	2.000000e+001	0.8785E-02	0.9909E-01
36	-1.050000e+002	-116.140	1	1	0.0	1.000000e+000	1.000000e+000	1.000000e+000	2.000000e+001	0.8785E-02	0.9909E-01
37	-1.080000e+002	-113.240	1	1	0.0	1.000000e+000	1.000000e+000	1.000000e+000	2.000000e+001	0.8785E-02	0.9909E-01
38	-1.110000e+002	-110.340	1	1	0.0	1.000000e+000	1.000000e+000	1.000000e+000	2.000000e+001	0.8785E-02	0.9909E-01
39	-1.140000e+002	-107.440	1	1	0.0	1.000000e+000	1.000000e+000	1.000000e+000	2.000000e+001	0.8785E-02	0.9909E-01
40	-1.170000e+002	-104.540	1	1	0.0	1.000000e+000	1.000000e+000	1.000000e+000	2.000000e+001	0.8785E-02	0.9909E-01
41	-1.200000e+002	-101.640	1	1	0.0	1.000000e+000	1.000000e+000	1.000000e+000	2.000000e+001	0.8785E-02	0.9909E-01
42	-1.230000e+002	-98.739	1	1	0.0	1.000000e+000	1.000000e+000	1.000000e+000	2.000000e+001	0.8785E-02	0.9909E-01
43	-1.260000e+002	-95.838	1	1	0.0	1.000000e+000	1.000000e+000	1.000000e+000	2.000000e+001	0.8785E-02	0.9909E-01
44	-1.290000e+002	-92.935	1	1	0.0	1.000000e+000	1.000000e+000	1.000000e+000	2.000000e+001	0.8785E-02	0.9909E-01
45	-1.320000e+002	-90.030	1	1	0.0	1.000000e+000	1.000000e+000	1.000000e+000	2.000000e+001	0.8785E-02	0.9909E-01
46	-1.350000e+002	-87.123	1	1	0.0	1.000000e+000	1.000000e+000	1.000000e+000	2.000000e+001	0.8785E-02	0.9909E-01
47	-1.380000e+002	-84.214	1	1	0.0	1.000000e+000	1.000000e+000	1.000000e+000	2.000000e+001	0.8785E-02	0.9909E-01
48	-1.410000e+002	-81.302	1	1	0.0	1.000000e+000	1.000000e+000	1.000000e+000	2.000000e+001	0.8785E-02	0.9909E-01
49	-1.440000e+002	-78.389	1	1	0.0	1.000000e+000	1.000000e+000	1.000000e+000	2.000000e+001	0.8785E-02	0.9909E-01
50	-1.470000e+002	-75.473	1	1	0.0	1.000000e+000	1.000000e+000	1.000000e+000	2.000000e+001	0.8785E-02	0.9909E-01
51	-1.500000e+002	-72.555	1	1	0.0	1.000000e+000	1.000000e+000	1.000000e+000	2.000000e+001	0.8785E-02	0.9909E-01
52	-1.530000e+002	-69.634	1	1	0.0	1.000000e+000	1.000000e+000	1.000000e+000	2.000000e+001	0.8785E-02	0.9909E-01
53	-1.560000e+002	-66.710	1	1	0.0	1.000000e+000	1.000000e+000	1.000000e+000	2.000000e+001	0.8785E-02	0.9909E-01
54	-1.590000e+002	-63.783	1	1	0.0	1.000000e+000	1.000000e+000	1.000000e+000	2.000000e+001	0.8785E-02	0.9909E-01
55	-1.620000e+002	-60.854	1	1	0.0	1.000000e+000	1.000000e+000	1.000000e+000	2.000000e+001	0.8785E-02	0.9909E-01
56	-1.650000e+002	-57.923	1	1	0.0	1.000000e+000	1.000000e+000	1.000000e+000	2.000000e+001	0.8785E-02	0.9909E-01
57	-1.680000e+002	-54.988	1	1	0.0	1.000000e+000	1.000000e+000	1.000000e+000	2.000000e+001	0.8785E-02	0.9909E-01
58	-1.710000e+002	-52.051	1	1	0.0	1.000000e+000	1.000000e+000	1.000000e+000	2.000000e+001	0.8785E-02	0.9909E-01
59	-1.740000e+002	-49.110	1	1	0.0	1.000000e+000	1.000000e+000	1.000000e+000	2.000000e+001	0.8785E-02	0.9909E-01
60	-1.770000e+002	-46.168	1	1	0.0	1.000000e+000	1.000000e+000	1.000000e+000	2.000000e+001	0.8785E-02	0.9909E-01
61	-1.800000e+002	-43.222	1	1	0.0	1.000000e+000	1.000000e+000	1.000000e+000	2.000000e+001	0.8785E-02	0.9909E-01
62	-1.830000e+002	-40.274	1	1	0.0	1.000000e+000	1.000000e+000	1.000000e+000	2.000000e+001	0.8785E-02	0.9909E-01
63	-1.860000e+002	-37.323	1	1	0.0	1.000000e+000	1.000000e+000	1.000000e+000	2.000000e+001	0.8785E-02	0.9909E-01
64	-1.890000e+002	-34.370	1	1	0.0	1.000000e+000	1.000000e+000	1.000000e+000	2.000000e+001	0.8785E-02	0.9909E-01
65	-1.920000e+002	-31.414	1	1	0.0	1.000000e+000	1.000000e+000	1.000000e+000	2.000000e+001	0.8785E-02	0.9909E-01
66	-1.950000e+002	-28.456	1	1	0.0	1.000000e+000	1.000000e+000	1.000000e+000	2.000000e+001	0.8785E-02	0.9909E-01
67	-1.980000e+002	-25.495	1	1	0.0	1.000000e+000	1.000000e+000	1.000000e+000	2.000000e+001	0.8785E-02	0.9909E-01
68	-2.010000e+002	-22.532	1	1	0.0	1.000000e+000	1.000000e+000	1.000000e+000	2.000000e+001	0.8785E-02	0.9909E-01
69	-2.040000e+002	-19.567	1	1	0.0	1.000000e+000	1.000000e+000	1.000000e+000	2.000000e+001	0.8785E-02	0.9909E-01
70	-2.070000e+002	-16.600	1	1	0.0	1.000000e+000	1.000000e+000	1.000000e+000	2.000000e+001	0.8785E-02	0.9909E-01
71	-2.100000e+002	-13.630	1	1	0.0	1.000000e+000	1.000000e+000	1.000000e+000	2.000000e+001	0.8785E-02	0.9909E-01
72	-2.130000e+002	-10.658	1	1	0.0	1.000000e+000	1.000000e+000	1.000000e+000	2.000000e+001	0.8785E-02	0.9909E-01
73	-2.160000e+002	-7.684	1	1	0.0	1.000000e+000	1.000000e+000	1.000000e+000	2.000000e+001	0.8785E-02	0.9909E-01
74	-2.190000e+002	-4.707	1	1	0.0	1.000000e+000	1.000000e+000	1.000000e+000	2.000000e+001	0.8785E-02	0.9909E-01
75	-2.220000e+002	-1.728	1	1	0.0	1.000000e+000	1.000000e+000	1.000000e+000	2.000000e+001	0.8784E-02	0.9908E-01
76	-2.250000e+002	1.253	1	1	0.0	1.000000e+000	1.000000e+000	1.000000e+000	2.000000e+001	0.8784E-02	0.9908E-01
77	-2.280000e+002	4.237	1	1	0.0	1.000000e+000	1.000000e+000	1.000000e+000	2.000000e+001	0.8783E-02	0.9907E-01
78	-2.310000e+002	7.220	1	1	0.0	1.000000e+000	1.000000e+000	1.000000e+000	2.000000e+001	0.8783E-02	0.9907E-01
79	-2.340000e+002	10.203	1	1	0.0	1.000000e+000	1.000000e+000	1.000000e+000	2.000000e+001	0.8782E-02	0.9906E-01
80	-2.370000e+002	13.186	1	1	0.0	1.000000e+000	1.000000e+000	1.000000e+000	2.000000e+001	0.8781E-02	0.9905E-01
81	-2.400000e+002	16.169	1	1	0.0	1.000000e+000	1.000000e+000	1.000000e+000	2.000000e+001	0.8781E-02	0.9904E-01
82	-2.430000e+002	19.152	1	1	0.0	1.000000e+000	1.000000e+000	1.000000e+000	2.000000e+001	0.8780E-02	0.9903E-01
83	-2.460000e+002	22.135	1	1	0.0	1.000000e+000	1.000000e+000	1.000000e+000	2.000000e+001	0.8779E-02	0.9902E-01
84	-2.490000e+002	25.118	1	1	0.0	1.000000e+000	1.000000e+000	1.000000e+000	2.000000e+001	0.8778E-02	0.9901E-01
85	-2.520000e+002	28.101	1	1	0.0	1.000000e+000	1.000000e+000	1.000000e+000	2.000000e+001	0.8776E-02	0.9899E-01
86	-2.550000e+002	31.084	1	1	0.0	1.000000e+000	1.000000e+000	1.000000e+000	2.000000e+001	0.8774E-02	0.9897E-01
87	-2.580000e+002	34.067	1	1	0.0	1.000000e+000	1.000000e+000	1.000000e+000	2.000000e+001	0.8772E-02	0.9895E-01
88	-2.610000e+002	37.050	1	1	0.0	1.000000e+000	1.000000e+000	1.000000e+000	2.000000e+001	0.8770E-02	0.9892E-01
89	-2.640000e+002	40.033	1	1	0.0	1.000000e+000	1.000000e+000	1.000000e+000	2.000000e+001	0.8767E-02	0.9889E-01
90	-2.670000e+002	43.016	1	1	0.0	1.000000e+000	1.000000e+000	1.000000e+000	2.000000e+001	0.8762E-02	0.9884E-01
91	-2.700000e+002	45.999	1	1	0.0	1.000000e+000	1.000000e+000	1.000000e+000	2.000000e+001	0.8757E-02	0.9878E-01
92	-2.730000e+002	48.982	1	1	0.0	1.000000e+000	1.000000e+000	1.000000e+000	2.000000e+001	0.8750E-02	0.9871E-01
93	-2.760000e+002	51.965	1	1	0.0	1.000000e+000	1.000000e+000	1.000000e+000	2.000000e+001	0.8741E-02	0.9861E-01
94	-2.790000e+002	54.948	1	1	0.0	1.000000e+000	1.000000e+000	1.000000e+000	2.000000e+001	0.8729E-02	0.9847E-01
95	-2.820000e+002	57.931	1	1	0.0	1.000000e+000	1.000000e+000	1.000000e+000	2.000000e+001	0.8712E-02	0.9829E-01
96	-2.850000e+002	60.914	1	1	0.0	1.000000e+000	1.000000e+000	1.000000e+000	2.000000e+001	0.8689E-02	0.9803E-01
97	-2.880000e+002	63.897	1	1	0.0	1.000000e+000	1.000000e+000	1.000000e+000	2.000000e+001	0.8657E-02	0.9769E-01
98	-2.910000e+002	66.880	1	1	0.0	1.000000e+000	1.000000e+000	1.000000e+000	2.000000e+001	0.8614E-02	0.9720E-01
99	-2.940000e+002	69.863	1	1	0.0	1.000000e+000	1.000000e+000	1.000000e+000	2.000000e+001	0.8559E-02	0.9656E-01
100	-2.970000e+002	72.847	1	1	0.0	1.000000e+000	1.000000e+000	1.000000e+000	2.000000e+001	0.8497E-02	0.9575E-01
101	-3.000000e+002	75.830	1	1	0.0	1.000000e+000	1.000000e+000	1.000000e+000	2.000000e+001	0.8497E-02	0.9472E-01
