1	-0.000000e+000	-234.926	1	1	0.0	1.000000e+000	1.000000e+000	1.000000e+000	2.000000e+001	0.9631E-03	0.1155E+00
2	-3.000000e+000	-231.823	1	1	0.0	1.000000e+000	1.000000e+000	1.000000e+000	2.000000e+001	0.9788E-03	0.1175E+00
3	-6.000000e+000	-228.676	1	1	0.0	1.000000e+000	1.000000e+000	1.000000e+000	2.000000e+001	0.9883E-03	0.1186E+00
4	-9.000000e+000	-225.489	1	1	1.0	1.000000e+000	1.000000e+000	1.000000e+000	2.000000e+001	0.9899E-03	0.1188E+00
5	-1.200000e+001	-222.243	1	1	1.0	1.000000e+000	1.000000e+000	1.000000e+000	2.000000e+001	0.9849E-03	0.1182E+00
6	-1.500000e+001	-218.941	1	1	1.0	1.000000e+000	1.000000e+000	1.000000e+000	2.000000e+001	0.9732E-03	0.1168E+00
7	-1.800000e+001	-215.587	1	1	1.0	1.000000e+000	1.000000e+000	1.000000e+000	2.000000e+001	0.9548E-03	0.1146E+00
8	-2.100000e+001	-212.184	1	1	1.0	1.000000e+000	1.000000e+000	1.000000e+000	2.000000e+001	0.9325E-03	0.1119E+00
9	-2.400000e+001	-208.738	1	1	0.9895831848333453	1.000000e+000	1.000000e+000	1.000000e+000	2.000000e+001	0.9127E-03	0.1095E+00
10	-2.700000e+001	-205.253	1	1	0.9374999730000022	1.000000e+000	1.000000e+000	1.000000e+000	2.000000e+001	0.8992E-03	0.1079E+00
11	-3.000000e+001	-201.735	1	1	0.885416761166659	1.000000e+000	1.000000e+000	1.000000e+000	2.000000e+001	0.8901E-03	0.1068E+00
12	-3.300000e+001	-198.188	1	1	0.8333331173333507	1.000000e+000	1.000000e+000	1.000000e+000	2.000000e+001	0.8851E-03	0.1062E+00
13	-3.600000e+001	-194.618	1	1	0.7812499055000076	1.000000e+000	1.000000e+000	1.000000e+000	2.000000e+001	0.8834E-03	0.1060E+00
14	-3.900000e+001	-191.030	1	1	0.7291666936666645	1.000000e+000	1.000000e+000	1.000000e+000	2.000000e+001	0.8833E-03	0.1060E+00
15	-4.200000e+001	-187.436	1	1	0.6770834818333215	1.000000e+000	1.000000e+000	1.000000e+000	2.000000e+001	0.8833E-03	0.1060E+00
16	-4.500000e+001	-183.845	1	1	0.624999838000013	1.000000e+000	1.000000e+000	1.000000e+000	2.000000e+001	0.8833E-03	0.1060E+00
17	-4.800000e+001	-180.261	1	1	0.5729166261666699	1.000000e+000	1.000000e+000	1.000000e+000	2.000000e+001	0.8833E-03	0.1060E+00
18	-5.100000e+001	-176.684	1	1	0.5208334143333269	1.000000e+000	1.000000e+000	1.000000e+000	2.000000e+001	0.8833E-03	0.1060E+00
19	-5.400000e+001	-173.119	1	1	0.46874977050001837	1.000000e+000	1.000000e+000	1.000000e+000	2.000000e+001	0.8833E-03	0.1060E+00
20	-5.700000e+001	-169.564	1	1	0.41666655866667535	1.000000e+000	1.000000e+000	1.000000e+000	2.000000e+001	0.8833E-03	0.1060E+00
21	-6.000000e+001	-166.022	1	1	0.36458334683333227	1.000000e+000	1.000000e+000	1.000000e+000	2.000000e+001	0.8833E-03	0.1060E+00
22	-6.300000e+001	-162.494	1	1	0.31250013499998924	1.000000e+000	1.000000e+000	1.000000e+000	2.000000e+001	0.8833E-03	0.1060E+00
23	-6.600000e+001	-158.980	1	1	0.26041649116668075	1.000000e+000	1.000000e+000	1.000000e+000	2.000000e+001	0.8833E-03	0.1060E+00
24	-6.900000e+001	-155.480	1	1	0.20833327933333767	1.000000e+000	1.000000e+000	1.000000e+000	2.000000e+001	0.8833E-03	0.1060E+00
25	-7.200000e+001	-151.996	1	1	0.15625006749999462	1.000000e+000	1.000000e+000	1.000000e+000	2.000000e+001	0.8833E-03	0.1060E+00
26	-7.500000e+001	-148.532	1	1	0.10416685566665156	1.000000e+000	1.000000e+000	1.000000e+000	2.000000e+001	0.8833E-03	0.1060E+00
27	-7.800000e+001	-145.094	1	1	0.05208321183334306	1.000000e+000	1.000000e+000	1.000000e+000	2.000000e+001	0.8833E-03	0.1060E+00
28	-8.100000e+001	-141.680	1	1	0.0	1.000000e+000	1.000000e+000	1.000000e+000	2.000000e+001	0.8833E-03	0.1060E+00
29	-8.400000e+001	-138.289	1	1	0.0	1.000000e+000	1.000000e+000	1.000000e+000	2.000000e+001	0.8833E-03	0.1060E+00
30	-8.700000e+001	-134.918	1	1	0.0	1.000000e+000	1.000000e+000	1.000000e+000	2.000000e+001	0.8833E-03	0.1060E+00
31	-9.000000e+001	-131.565	1	1	0.0	1.000000e+000	1.000000e+000	1.000000e+000	2.000000e+001	0.8833E-03	0.1060E+00
32	-9.300000e+001	-128.230	1	1	0.0	1.000000e+000	1.000000e+000	1.000000e+000	2.000000e+001	0.8833E-03	0.1060E+00
33	-9.600000e+001	-124.910	1	1	0.0	1.000000e+000	1.000000e+000	1.000000e+000	2.000000e+001	0.8833E-03	0.1060E+00
34	-9.900000e+001	-121.604	1	1	0.0	1.000000e+000	1.000000e+000	1.000000e+000	2.000000e+001	0.8833E-03	0.1060E+00
35	-1.020000e+002	-118.314	1	1	0.0	1.000000e+000	1.000000e+000	1.000000e+000	2.000000e+001	0.8833E-03	0.1060E+00
36	-1.050000e+002	-115.041	1	1	0.0	1.000000e+000	1.000000e+000	1.000000e+000	2.000000e+001	0.8833E-03	0.1060E+00
37	-1.080000e+002	-111.785	1	1	0.0	1.000000e+000	1.000000e+000	1.000000e+000	2.000000e+001	0.8833E-03	0.1060E+00
38	-1.110000e+002	-108.544	1	1	0.0	1.000000e+000	1.000000e+000	1.000000e+000	2.000000e+001	0.8833E-03	0.1060E+00
39	-1.140000e+002	-105.316	1	1	0.0	1.000000e+000	1.000000e+000	1.000000e+000	2.000000e+001	0.8833E-03	0.1060E+00
40	-1.170000e+002	-102.100	1	1	0.0	1.000000e+000	1.000000e+000	1.000000e+000	2.000000e+001	0.8833E-03	0.1060E+00
41	-1.200000e+002	-98.895	1	1	0.0	1.000000e+000	1.000000e+000	1.000000e+000	2.000000e+001	0.8833E-03	0.1060E+00
42	-1.230000e+002	-95.700	1	1	0.0	1.000000e+000	1.000000e+000	1.000000e+000	2.000000e+001	0.8833E-03	0.1060E+00
43	-1.260000e+002	-92.516	1	1	0.0	1.000000e+000	1.000000e+000	1.000000e+000	2.000000e+001	0.8833E-03	0.1060E+00
44	-1.290000e+002	-89.343	1	1	0.0	1.000000e+000	1.000000e+000	1.000000e+000	2.000000e+001	0.8833E-03	0.1060E+00
45	-1.320000e+002	-86.180	1	1	0.0	1.000000e+000	1.000000e+000	1.000000e+000	2.000000e+001	0.8833E-03	0.1060E+00
46	-1.350000e+002	-83.027	1	1	0.0	1.000000e+000	1.000000e+000	1.000000e+000	2.000000e+001	0.8833E-03	0.1060E+00
47	-1.380000e+002	-79.882	1	1	0.0	1.000000e+000	1.000000e+000	1.000000e+000	2.000000e+001	0.8833E-03	0.1060E+00
48	-1.410000e+002	-76.744	1	1	0.0	1.000000e+000	1.000000e+000	1.000000e+000	2.000000e+001	0.8833E-03	0.1060E+00
49	-1.440000e+002	-73.614	1	1	0.0	1.000000e+000	1.000000e+000	1.000000e+000	2.000000e+001	0.8833E-03	0.1060E+00
50	-1.470000e+002	-70.492	1	1	0.0	1.000000e+000	1.000000e+000	1.000000e+000	2.000000e+001	0.8833E-03	0.1060E+00
51	-1.500000e+002	-67.377	1	1	0.0	1.000000e+000	1.000000e+000	1.000000e+000	2.000000e+001	0.8833E-03	0.1060E+00
52	-1.530000e+002	-64.269	1	1	0.0	1.000000e+000	1.000000e+000	1.000000e+000	2.000000e+001	0.8833E-03	0.1060E+00
53	-1.560000e+002	-61.167	1	1	0.0	1.000000e+000	1.000000e+000	1.000000e+000	2.000000e+001	0.8833E-03	0.1060E+00
54	-1.590000e+002	-58.070	1	1	0.0	1.000000e+000	1.000000e+000	1.000000e+000	2.000000e+001	0.8833E-03	0.1060E+00
55	-1.620000e+002	-54.979	1	1	0.0	1.000000e+000	1.000000e+000	1.000000e+000	2.000000e+001	0.8833E-03	0.1060E+00
56	-1.650000e+002	-51.894	1	1	0.0	1.000000e+000	1.000000e+000	1.000000e+000	2.000000e+001	0.8833E-03	0.1060E+00
57	-1.680000e+002	-48.814	1	1	0.0	1.000000e+000	1.000000e+000	1.000000e+000	2.000000e+001	0.8833E-03	0.1060E+00
58	-1.710000e+002	-45.738	1	1	0.0	1.000000e+000	1.000000e+000	1.000000e+000	2.000000e+001	0.8833E-03	0.1060E+00
59	-1.740000e+002	-42.667	1	1	0.0	1.000000e+000	1.000000e+000	1.000000e+000	2.000000e+001	0.8833E-03	0.1060E+00
60	-1.770000e+002	-39.601	1	1	0.0	1.000000e+000	1.000000e+000	1.000000e+000	2.000000e+001	0.8833E-03	0.1060E+00
61	-1.800000e+002	-36.538	1	1	0.0	1.000000e+000	1.000000e+000	1.000000e+000	2.000000e+001	0.8833E-03	0.1060E+00
62	-1.830000e+002	-33.480	1	1	0.0	1.000000e+000	1.000000e+000	1.000000e+000	2.000000e+001	0.8833E-03	0.1060E+00
63	-1.860000e+002	-30.425	1	1	0.0	1.000000e+000	1.000000e+000	1.000000e+000	2.000000e+001	0.8833E-03	0.1060E+00
64	-1.890000e+002	-27.374	1	1	0.0	1.000000e+000	1.000000e+000	1.000000e+000	2.000000e+001	0.8833E-03	0.1060E+00
65	-1.920000e+002	-24.326	1	1	0.0	1.000000e+000	1.000000e+000	1.000000e+000	2.000000e+001	0.8833E-03	0.1060E+00
66	-1.950000e+002	-21.281	1	1	0.0	1.000000e+000	1.000000e+000	1.000000e+000	2.000000e+001	0.8833E-03	0.1060E+00
67	-1.980000e+002	-18.240	1	1	0.0	1.000000e+000	1.000000e+000	1.000000e+000	2.000000e+001	0.8833E-03	0.1060E+00
68	-2.010000e+002	-15.201	1	1	0.0	1.000000e+000	1.000000e+000	1.000000e+000	2.000000e+001	0.8833E-03	0.1060E+00
69	-2.040000e+002	-12.165	1	1	0.0	1.000000e+000	1.000000e+000	1.000000e+000	2.000000e+001	0.8833E-03	0.1060E+00
70	-2.070000e+002	-9.133	1	1	0.0	1.000000e+000	1.000000e+000	1.000000e+000	2.000000e+001	0.8833E-03	0.1060E+00
71	-2.100000e+002	-6.103	1	1	0.0	1.000000e+000	1.000000e+000	1.000000e+000	2.000000e+001	0.8833E-03	0.1060E+00
72	-2.130000e+002	-3.076	1	1	0.0	1.000000e+000	1.000000e+000	1.000000e+000	2.000000e+001	0.8833E-03	0.1060E+00
73	-2.160000e+002	-0.053	1	1	0.0	1.000000e+000	1.000000e+000	1.000000e+000	2.000000e+001	0.8833E-03	0.1060E+00
74	-2.190000e+002	2.968	1	1	0.0	1.000000e+000	1.000000e+000	1.000000e+000	2.000000e+001	0.8833E-03	0.1060E+00
75	-2.220000e+002	5.989	1	1	0.0	1.000000e+000	1.000000e+000	1.000000e+000	2.000000e+001	0.8833E-03	0.1060E+00
76	-2.250000e+002	9.009	1	1	0.0	1.000000e+000	1.000000e+000	1.000000e+000	2.000000e+001	0.8833E-03	0.1060E+00
77	-2.280000e+002	12.030	1	1	0.0	1.000000e+000	1.000000e+000	1.000000e+000	2.000000e+001	0.8833E-03	0.1060E+00
78	-2.310000e+002	15.050	1	1	0.0	1.000000e+000	1.000000e+000	1.000000e+000	2.000000e+001	0.8833E-03	0.1060E+00
79	-2.340000e+002	18.071	1	1	0.0	1.000000e+000	1.000000e+000	1.000000e+000	2.000000e+001	0.8833E-03	0.1060E+00
80	-2.370000e+002	21.091	1	1	0.0	1.000000e+000	1.000000e+000	1.000000e+000	2.000000e+001	0.8833E-03	0.1060E+00
81	-2.400000e+002	24.112	1	1	0.0	1.000000e+000	1.000000e+000	1.000000e+000	2.000000e+001	0.8833E-03	0.1060E+00
82	-2.430000e+002	27.132	1	1	0.0	1.000000e+000	1.000000e+000	1.000000e+000	2.000000e+001	0.8833E-03	0.1060E+00
83	-2.460000e+002	30.153	1	1	0.0	1.000000e+000	1.000000e+000	1.000000e+000	2.000000e+001	0.8833E-03	0.1060E+00
84	-2.490000e+002	33.173	1	1	0.0	1.000000e+000	1.000000e+000	1.000000e+000	2.000000e+001	0.8833E-03	0.1060E+00
85	-2.520000e+002	36.194	1	1	0.0	1.000000e+000	1.000000e+000	1.000000e+000	2.000000e+001	0.8833E-03	0.1060E+00
86	-2.550000e+002	39.214	1	1	0.0	1.000000e+000	1.000000e+000	1.000000e+000	2.000000e+001	0.8833E-03	0.1060E+00
87	-2.580000e+002	42.235	1	1	0.0	1.000000e+000	1.000000e+000	1.000000e+000	2.000000e+001	0.8833E-03	0.1060E+00
88	-2.610000e+002	45.255	1	1	0.0	1.000000e+000	1.000000e+000	1.000000e+000	2.000000e+001	0.8833E-03	0.1060E+00
89	-2.640000e+002	48.276	1	1	0.0	1.000000e+000	1.000000e+000	1.000000e+000	2.000000e+001	0.8833E-03	0.1060E+00
90	-2.670000e+002	51.296	1	1	0.0	1.000000e+000	1.000000e+000	1.000000e+000	2.000000e+001	0.8833E-03	0.1060E+00
91	-2.700000e+002	54.317	1	1	0.0	1.000000e+000	1.000000e+000	1.000000e+000	2.000000e+001	0.8833E-03	0.1060E+00
92	-2.730000e+002	57.337	1	1	0.0	1.000000e+000	1.000000e+000	1.000000e+000	2.000000e+001	0.8833E-03	0.1060E+00
93	-2.760000e+002	60.358	1	1	0.0	1.000000e+000	1.000000e+000	1.000000e+000	2.000000e+001	0.8833E-03	0.1060E+00
94	-2.790000e+002	63.378	1	1	0.0	1.000000e+000	1.000000e+000	1.000000e+000	2.000000e+001	0.8833E-03	0.1060E+00
95	-2.820000e+002	66.399	1	1	0.0	1.000000e+000	1.000000e+000	1.000000e+000	2.000000e+001	0.8833E-03	0.1060E+00
96	-2.850000e+002	69.419	1	1	0.0	1.000000e+000	1.000000e+000	1.000000e+000	2.000000e+001	0.8833E-03	0.1060E+00
97	-2.880000e+002	72.440	1	1	0.0	1.000000e+000	1.000000e+000	1.000000e+000	2.000000e+001	0.8834E-03	0.1060E+00
98	-2.910000e+002	75.460	1	1	0.0	1.000000e+000	1.000000e+000	1.000000e+000	2.000000e+001	0.8833E-03	0.1060E+00
99	-2.940000e+002	78.481	1	1	0.0	1.000000e+000	1.000000e+000	1.000000e+000	2.000000e+001	0.8825E-03	0.1059E+00
100	-2.970000e+002	81.501	1	1	0.0	1.000000e+000	1.000000e+000	1.000000e+000	2.000000e+001	0.8821E-03	0.1058E+00
101	-3.000000e+002	84.522	1	1	0.0	1.000000e+000	1.000000e+000	1.000000e+000	2.000000e+001	0.8767E-03	0.1054E+00
