1	-0.000000e+000	-264.432	1	1	0.0	1.000000e+000	1.000000e+000	1.000000e+000	2.000000e+001	0.9252E-03	0.1110E+00
2	-3.000000e+000	-261.261	1	1	0.0	1.000000e+000	1.000000e+000	1.000000e+000	2.000000e+001	0.9283E-03	0.1114E+00
3	-6.000000e+000	-258.017	1	1	0.0	1.000000e+000	1.000000e+000	1.000000e+000	2.000000e+001	0.9375E-03	0.1125E+00
4	-9.000000e+000	-254.707	1	1	1.0	1.000000e+000	1.000000e+000	1.000000e+000	2.000000e+001	0.9416E-03	0.1130E+00
5	-1.200000e+001	-251.321	1	1	1.0	1.000000e+000	1.000000e+000	1.000000e+000	2.000000e+001	0.9399E-03	0.1128E+00
6	-1.500000e+001	-247.863	1	1	1.0	1.000000e+000	1.000000e+000	1.000000e+000	2.000000e+001	0.9340E-03	0.1121E+00
7	-1.800000e+001	-244.341	1	1	1.0	1.000000e+000	1.000000e+000	1.000000e+000	2.000000e+001	0.9224E-03	0.1107E+00
8	-2.100000e+001	-240.763	1	1	0.9558824519411722	1.000000e+000	1.000000e+000	1.000000e+000	2.000000e+001	0.9084E-03	0.1090E+00
9	-2.400000e+001	-237.144	1	1	0.882352797176477	1.000000e+000	1.000000e+000	1.000000e+000	2.000000e+001	0.8967E-03	0.1076E+00
10	-2.700000e+001	-233.493	1	1	0.8088234484117683	1.000000e+000	1.000000e+000	1.000000e+000	2.000000e+001	0.8885E-03	0.1066E+00
11	-3.000000e+001	-229.820	1	1	0.7352940996470596	1.000000e+000	1.000000e+000	1.000000e+000	2.000000e+001	0.8850E-03	0.1062E+00
12	-3.300000e+001	-226.131	1	1	0.661764750882351	1.000000e+000	1.000000e+000	1.000000e+000	2.000000e+001	0.8834E-03	0.1060E+00
13	-3.600000e+001	-222.434	1	1	0.5882354021176424	1.000000e+000	1.000000e+000	1.000000e+000	2.000000e+001	0.8833E-03	0.1060E+00
14	-3.900000e+001	-218.735	1	1	0.5147057473529472	1.000000e+000	1.000000e+000	1.000000e+000	2.000000e+001	0.8833E-03	0.1060E+00
15	-4.200000e+001	-215.037	1	1	0.4411763985882385	1.000000e+000	1.000000e+000	1.000000e+000	2.000000e+001	0.8833E-03	0.1060E+00
16	-4.500000e+001	-211.346	1	1	0.3676470498235298	1.000000e+000	1.000000e+000	1.000000e+000	2.000000e+001	0.8833E-03	0.1060E+00
17	-4.800000e+001	-207.663	1	1	0.2941177010588212	1.000000e+000	1.000000e+000	1.000000e+000	2.000000e+001	0.8833E-03	0.1060E+00
18	-5.100000e+001	-203.992	1	1	0.2205883522941125	1.000000e+000	1.000000e+000	1.000000e+000	2.000000e+001	0.8833E-03	0.1060E+00
19	-5.400000e+001	-200.335	1	1	0.1470586975294173	1.000000e+000	1.000000e+000	1.000000e+000	2.000000e+001	0.8833E-03	0.1060E+00
20	-5.700000e+001	-196.694	1	1	0.07352934876470865	1.000000e+000	1.000000e+000	1.000000e+000	2.000000e+001	0.8833E-03	0.1060E+00
21	-6.000000e+001	-193.069	1	1	0.0	1.000000e+000	1.000000e+000	1.000000e+000	2.000000e+001	0.8833E-03	0.1060E+00
22	-6.300000e+001	-189.467	1	1	0.0	1.000000e+000	1.000000e+000	1.000000e+000	2.000000e+001	0.8833E-03	0.1060E+00
23	-6.600000e+001	-185.895	1	1	0.0	1.000000e+000	1.000000e+000	1.000000e+000	2.000000e+001	0.8833E-03	0.1060E+00
24	-6.900000e+001	-182.355	1	1	0.0	1.000000e+000	1.000000e+000	1.000000e+000	2.000000e+001	0.8833E-03	0.1060E+00
25	-7.200000e+001	-178.842	1	1	0.0	1.000000e+000	1.000000e+000	1.000000e+000	2.000000e+001	0.8833E-03	0.1060E+00
26	-7.500000e+001	-175.356	1	1	0.0	1.000000e+000	1.000000e+000	1.000000e+000	2.000000e+001	0.8833E-03	0.1060E+00
27	-7.800000e+001	-171.894	1	1	0.0	1.000000e+000	1.000000e+000	1.000000e+000	2.000000e+001	0.8833E-03	0.1060E+00
28	-8.100000e+001	-168.454	1	1	0.0	1.000000e+000	1.000000e+000	1.000000e+000	2.000000e+001	0.8833E-03	0.1060E+00
29	-8.400000e+001	-165.034	1	1	0.0	1.000000e+000	1.000000e+000	1.000000e+000	2.000000e+001	0.8833E-03	0.1060E+00
30	-8.700000e+001	-161.633	1	1	0.0	1.000000e+000	1.000000e+000	1.000000e+000	2.000000e+001	0.8833E-03	0.1060E+00
31	-9.000000e+001	-158.250	1	1	0.0	1.000000e+000	1.000000e+000	1.000000e+000	2.000000e+001	0.8833E-03	0.1060E+00
32	-9.300000e+001	-154.883	1	1	0.0	1.000000e+000	1.000000e+000	1.000000e+000	2.000000e+001	0.8833E-03	0.1060E+00
33	-9.600000e+001	-151.532	1	1	0.0	1.000000e+000	1.000000e+000	1.000000e+000	2.000000e+001	0.8833E-03	0.1060E+00
34	-9.900000e+001	-148.200	1	1	0.0	1.000000e+000	1.000000e+000	1.000000e+000	2.000000e+001	0.8833E-03	0.1060E+00
35	-1.020000e+002	-144.889	1	1	0.0	1.000000e+000	1.000000e+000	1.000000e+000	2.000000e+001	0.8833E-03	0.1060E+00
36	-1.050000e+002	-141.597	1	1	0.0	1.000000e+000	1.000000e+000	1.000000e+000	2.000000e+001	0.8833E-03	0.1060E+00
37	-1.080000e+002	-138.321	1	1	0.0	1.000000e+000	1.000000e+000	1.000000e+000	2.000000e+001	0.8833E-03	0.1060E+00
38	-1.110000e+002	-135.060	1	1	0.0	1.000000e+000	1.000000e+000	1.000000e+000	2.000000e+001	0.8833E-03	0.1060E+00
39	-1.140000e+002	-131.813	1	1	0.0	1.000000e+000	1.000000e+000	1.000000e+000	2.000000e+001	0.8833E-03	0.1060E+00
40	-1.170000e+002	-128.578	1	1	0.0	1.000000e+000	1.000000e+000	1.000000e+000	2.000000e+001	0.8833E-03	0.1060E+00
41	-1.200000e+002	-125.354	1	1	0.0	1.000000e+000	1.000000e+000	1.000000e+000	2.000000e+001	0.8833E-03	0.1060E+00
42	-1.230000e+002	-122.141	1	1	0.0	1.000000e+000	1.000000e+000	1.000000e+000	2.000000e+001	0.8833E-03	0.1060E+00
43	-1.260000e+002	-118.938	1	1	0.0	1.000000e+000	1.000000e+000	1.000000e+000	2.000000e+001	0.8833E-03	0.1060E+00
44	-1.290000e+002	-115.747	1	1	0.0	1.000000e+000	1.000000e+000	1.000000e+000	2.000000e+001	0.8833E-03	0.1060E+00
45	-1.320000e+002	-112.568	1	1	0.0	1.000000e+000	1.000000e+000	1.000000e+000	2.000000e+001	0.8833E-03	0.1060E+00
46	-1.350000e+002	-109.400	1	1	0.0	1.000000e+000	1.000000e+000	1.000000e+000	2.000000e+001	0.8833E-03	0.1060E+00
47	-1.380000e+002	-106.241	1	1	0.0	1.000000e+000	1.000000e+000	1.000000e+000	2.000000e+001	0.8833E-03	0.1060E+00
48	-1.410000e+002	-103.090	1	1	0.0	1.000000e+000	1.000000e+000	1.000000e+000	2.000000e+001	0.8833E-03	0.1060E+00
49	-1.440000e+002	-99.947	1	1	0.0	1.000000e+000	1.000000e+000	1.000000e+000	2.000000e+001	0.8833E-03	0.1060E+00
50	-1.470000e+002	-96.811	1	1	0.0	1.000000e+000	1.000000e+000	1.000000e+000	2.000000e+001	0.8833E-03	0.1060E+00
51	-1.500000e+002	-93.682	1	1	0.0	1.000000e+000	1.000000e+000	1.000000e+000	2.000000e+001	0.8833E-03	0.1060E+00
52	-1.530000e+002	-90.561	1	1	0.0	1.000000e+000	1.000000e+000	1.000000e+000	2.000000e+001	0.8833E-03	0.1060E+00
53	-1.560000e+002	-87.447	1	1	0.0	1.000000e+000	1.000000e+000	1.000000e+000	2.000000e+001	0.8833E-03	0.1060E+00
54	-1.590000e+002	-84.339	1	1	0.0	1.000000e+000	1.000000e+000	1.000000e+000	2.000000e+001	0.8833E-03	0.1060E+00
55	-1.620000e+002	-81.238	1	1	0.0	1.000000e+000	1.000000e+000	1.000000e+000	2.000000e+001	0.8833E-03	0.1060E+00
56	-1.650000e+002	-78.141	1	1	0.0	1.000000e+000	1.000000e+000	1.000000e+000	2.000000e+001	0.8833E-03	0.1060E+00
57	-1.680000e+002	-75.050	1	1	0.0	1.000000e+000	1.000000e+000	1.000000e+000	2.000000e+001	0.8833E-03	0.1060E+00
58	-1.710000e+002	-71.964	1	1	0.0	1.000000e+000	1.000000e+000	1.000000e+000	2.000000e+001	0.8833E-03	0.1060E+00
59	-1.740000e+002	-68.883	1	1	0.0	1.000000e+000	1.000000e+000	1.000000e+000	2.000000e+001	0.8833E-03	0.1060E+00
60	-1.770000e+002	-65.807	1	1	0.0	1.000000e+000	1.000000e+000	1.000000e+000	2.000000e+001	0.8833E-03	0.1060E+00
61	-1.800000e+002	-62.735	1	1	0.0	1.000000e+000	1.000000e+000	1.000000e+000	2.000000e+001	0.8833E-03	0.1060E+00
62	-1.830000e+002	-59.667	1	1	0.0	1.000000e+000	1.000000e+000	1.000000e+000	2.000000e+001	0.8833E-03	0.1060E+00
63	-1.860000e+002	-56.603	1	1	0.0	1.000000e+000	1.000000e+000	1.000000e+000	2.000000e+001	0.8833E-03	0.1060E+00
64	-1.890000e+002	-53.543	1	1	0.0	1.000000e+000	1.000000e+000	1.000000e+000	2.000000e+001	0.8833E-03	0.1060E+00
65	-1.920000e+002	-50.487	1	1	0.0	1.000000e+000	1.000000e+000	1.000000e+000	2.000000e+001	0.8833E-03	0.1060E+00
66	-1.950000e+002	-47.433	1	1	0.0	1.000000e+000	1.000000e+000	1.000000e+000	2.000000e+001	0.8833E-03	0.1060E+00
67	-1.980000e+002	-44.383	1	1	0.0	1.000000e+000	1.000000e+000	1.000000e+000	2.000000e+001	0.8833E-03	0.1060E+00
68	-2.010000e+002	-41.336	1	1	0.0	1.000000e+000	1.000000e+000	1.000000e+000	2.000000e+001	0.8833E-03	0.1060E+00
69	-2.040000e+002	-38.292	1	1	0.0	1.000000e+000	1.000000e+000	1.000000e+000	2.000000e+001	0.8833E-03	0.1060E+00
70	-2.070000e+002	-35.250	1	1	0.0	1.000000e+000	1.000000e+000	1.000000e+000	2.000000e+001	0.8833E-03	0.1060E+00
71	-2.100000e+002	-32.211	1	1	0.0	1.000000e+000	1.000000e+000	1.000000e+000	2.000000e+001	0.8833E-03	0.1060E+00
72	-2.130000e+002	-29.175	1	1	0.0	1.000000e+000	1.000000e+000	1.000000e+000	2.000000e+001	0.8833E-03	0.1060E+00
73	-2.160000e+002	-26.141	1	1	0.0	1.000000e+000	1.000000e+000	1.000000e+000	2.000000e+001	0.8833E-03	0.1060E+00
74	-2.190000e+002	-23.109	1	1	0.0	1.000000e+000	1.000000e+000	1.000000e+000	2.000000e+001	0.8833E-03	0.1060E+00
75	-2.220000e+002	-20.079	1	1	0.0	1.000000e+000	1.000000e+000	1.000000e+000	2.000000e+001	0.8833E-03	0.1060E+00
76	-2.250000e+002	-17.052	1	1	0.0	1.000000e+000	1.000000e+000	1.000000e+000	2.000000e+001	0.8833E-03	0.1060E+00
77	-2.280000e+002	-14.026	1	1	0.0	1.000000e+000	1.000000e+000	1.000000e+000	2.000000e+001	0.8833E-03	0.1060E+00
78	-2.310000e+002	-11.003	1	1	0.0	1.000000e+000	1.000000e+000	1.000000e+000	2.000000e+001	0.8833E-03	0.1060E+00
79	-2.340000e+002	-7.981	1	1	0.0	1.000000e+000	1.000000e+000	1.000000e+000	2.000000e+001	0.8833E-03	0.1060E+00
80	-2.370000e+002	-4.961	1	1	0.0	1.000000e+000	1.000000e+000	1.000000e+000	2.000000e+001	0.8833E-03	0.1060E+00
81	-2.400000e+002	-1.944	1	1	0.0	1.000000e+000	1.000000e+000	1.000000e+000	2.000000e+001	0.8833E-03	0.1060E+00
82	-2.430000e+002	1.071	1	1	0.0	1.000000e+000	1.000000e+000	1.000000e+000	2.000000e+001	0.8833E-03	0.1060E+00
83	-2.460000e+002	4.085	1	1	0.0	1.000000e+000	1.000000e+000	1.000000e+000	2.000000e+001	0.8833E-03	0.1060E+00
84	-2.490000e+002	7.099	1	1	0.0	1.000000e+000	1.000000e+000	1.000000e+000	2.000000e+001	0.8833E-03	0.1060E+00
85	-2.520000e+002	10.113	1	1	0.0	1.000000e+000	1.000000e+000	1.000000e+000	2.000000e+001	0.8833E-03	0.1060E+00
86	-2.550000e+002	13.127	1	1	0.0	1.000000e+000	1.000000e+000	1.000000e+000	2.000000e+001	0.8833E-03	0.1060E+00
87	-2.580000e+002	16.141	1	1	0.0	1.000000e+000	1.000000e+000	1.000000e+000	2.000000e+001	0.8833E-03	0.1060E+00
88	-2.610000e+002	19.155	1	1	0.0	1.000000e+000	1.000000e+000	1.000000e+000	2.000000e+001	0.8833E-03	0.1060E+00
89	-2.640000e+002	22.169	1	1	0.0	1.000000e+000	1.000000e+000	1.000000e+000	2.000000e+001	0.8833E-03	0.1060E+00
90	-2.670000e+002	25.183	1	1	0.0	1.000000e+000	1.000000e+000	1.000000e+000	2.000000e+001	0.8833E-03	0.1060E+00
91	-2.700000e+002	28.198	1	1	0.0	1.000000e+000	1.000000e+000	1.000000e+000	2.000000e+001	0.8833E-03	0.1060E+00
92	-2.730000e+002	31.212	1	1	0.0	1.000000e+000	1.000000e+000	1.000000e+000	2.000000e+001	0.8833E-03	0.1060E+00
93	-2.760000e+002	34.226	1	1	0.0	1.000000e+000	1.000000e+000	1.000000e+000	2.000000e+001	0.8833E-03	0.1060E+00
94	-2.790000e+002	37.240	1	1	0.0	1.000000e+000	1.000000e+000	1.000000e+000	2.000000e+001	0.8833E-03	0.1060E+00
95	-2.820000e+002	40.254	1	1	0.0	1.000000e+000	1.000000e+000	1.000000e+000	2.000000e+001	0.8833E-03	0.1060E+00
96	-2.850000e+002	43.268	1	1	0.0	1.000000e+000	1.000000e+000	1.000000e+000	2.000000e+001	0.8833E-03	0.1060E+00
97	-2.880000e+002	46.282	1	1	0.0	1.000000e+000	1.000000e+000	1.000000e+000	2.000000e+001	0.8833E-03	0.1060E+00
98	-2.910000e+002	49.296	1	1	0.0	1.000000e+000	1.000000e+000	1.000000e+000	2.000000e+001	0.8833E-03	0.1060E+00
99	-2.940000e+002	52.310	1	1	0.0	1.000000e+000	1.000000e+000	1.000000e+000	2.000000e+001	0.8824E-03	0.1059E+00
100	-2.970000e+002	55.324	1	1	0.0	1.000000e+000	1.000000e+000	1.000000e+000	2.000000e+001	0.8821E-03	0.1058E+00
101	-3.000000e+002	58.338	1	1	0.0	1.000000e+000	1.000000e+000	1.000000e+000	2.000000e+001	0.8790E-03	0.1057E+00
