1	-0.000000e+000	-175.275	1	1	0.0	1.000000e+000	1.000000e+000	1.000000e+000	2.000000e+001	0.8920E-02	0.1029E+00
2	-3.000000e+000	-172.378	1	1	0.0	1.000000e+000	1.000000e+000	1.000000e+000	2.000000e+001	0.9043E-02	0.1023E+00
3	-6.000000e+000	-169.735	1	1	0.0	1.000000e+000	1.000000e+000	1.000000e+000	2.000000e+001	0.9124E-02	0.1033E+00
4	-9.000000e+000	-167.322	1	1	1.0	1.000000e+000	1.000000e+000	1.000000e+000	2.000000e+001	0.9194E-02	0.1044E+00
5	-1.200000e+001	-165.111	1	1	1.0	1.000000e+000	1.000000e+000	1.000000e+000	2.000000e+001	0.9227E-02	0.1048E+00
6	-1.500000e+001	-163.082	1	1	1.0	1.000000e+000	1.000000e+000	1.000000e+000	2.000000e+001	0.9224E-02	0.1047E+00
7	-1.800000e+001	-161.217	1	1	1.0	1.000000e+000	1.000000e+000	1.000000e+000	2.000000e+001	0.9191E-02	0.1042E+00
8	-2.100000e+001	-159.499	1	1	0.972222186222225	1.000000e+000	1.000000e+000	1.000000e+000	2.000000e+001	0.9137E-02	0.1034E+00
9	-2.400000e+001	-157.911	1	1	0.9027776517777879	1.000000e+000	1.000000e+000	1.000000e+000	2.000000e+001	0.9078E-02	0.1025E+00
10	-2.700000e+001	-156.441	1	1	0.8333331173333506	1.000000e+000	1.000000e+000	1.000000e+000	2.000000e+001	0.9021E-02	0.1017E+00
11	-3.000000e+001	-155.073	1	1	0.7638889068888873	1.000000e+000	1.000000e+000	1.000000e+000	2.000000e+001	0.8970E-02	0.1011E+00
12	-3.300000e+001	-153.796	1	1	0.6944443724444501	1.000000e+000	1.000000e+000	1.000000e+000	2.000000e+001	0.8928E-02	0.1006E+00
13	-3.600000e+001	-152.596	1	1	0.6249998380000129	1.000000e+000	1.000000e+000	1.000000e+000	2.000000e+001	0.8896E-02	0.1002E+00
14	-3.900000e+001	-151.463	1	1	0.5555556275555498	1.000000e+000	1.000000e+000	1.000000e+000	2.000000e+001	0.8870E-02	0.9991E-01
15	-4.200000e+001	-150.382	1	1	0.4861110931111125	1.000000e+000	1.000000e+000	1.000000e+000	2.000000e+001	0.8850E-02	0.9970E-01
16	-4.500000e+001	-149.335	1	1	0.4166665586666753	1.000000e+000	1.000000e+000	1.000000e+000	2.000000e+001	0.8834E-02	0.9953E-01
17	-4.800000e+001	-148.313	1	1	0.34722234822221215	1.000000e+000	1.000000e+000	1.000000e+000	2.000000e+001	0.8822E-02	0.9940E-01
18	-5.100000e+001	-147.305	1	1	0.2777778137777749	1.000000e+000	1.000000e+000	1.000000e+000	2.000000e+001	0.8813E-02	0.9930E-01
19	-5.400000e+001	-146.302	1	1	0.20833327933333765	1.000000e+000	1.000000e+000	1.000000e+000	2.000000e+001	0.8807E-02	0.9925E-01
20	-5.700000e+001	-145.295	1	1	0.1388887448889004	1.000000e+000	1.000000e+000	1.000000e+000	2.000000e+001	0.8802E-02	0.9919E-01
21	-6.000000e+001	-144.277	1	1	0.06944453444443724	1.000000e+000	1.000000e+000	1.000000e+000	2.000000e+001	0.8798E-02	0.9915E-01
22	-6.300000e+001	-143.238	1	1	0.0	1.000000e+000	1.000000e+000	1.000000e+000	2.000000e+001	0.8796E-02	0.9913E-01
23	-6.600000e+001	-142.172	1	1	0.0	1.000000e+000	1.000000e+000	1.000000e+000	2.000000e+001	0.8794E-02	0.9912E-01
24	-6.900000e+001	-141.073	1	1	0.0	1.000000e+000	1.000000e+000	1.000000e+000	2.000000e+001	0.8792E-02	0.9911E-01
25	-7.200000e+001	-139.934	1	1	0.0	1.000000e+000	1.000000e+000	1.000000e+000	2.000000e+001	0.8791E-02	0.9910E-01
26	-7.500000e+001	-138.751	1	1	0.0	1.000000e+000	1.000000e+000	1.000000e+000	2.000000e+001	0.8791E-02	0.9910E-01
27	-7.800000e+001	-137.518	1	1	0.0	1.000000e+000	1.000000e+000	1.000000e+000	2.000000e+001	0.8790E-02	0.9910E-01
28	-8.100000e+001	-136.232	1	1	0.0	1.000000e+000	1.000000e+000	1.000000e+000	2.000000e+001	0.8789E-02	0.9909E-01
29	-8.400000e+001	-134.890	1	1	0.0	1.000000e+000	1.000000e+000	1.000000e+000	2.000000e+001	0.8789E-02	0.9909E-01
30	-8.700000e+001	-133.490	1	1	0.0	1.000000e+000	1.000000e+000	1.000000e+000	2.000000e+001	0.8788E-02	0.9909E-01
31	-9.000000e+001	-132.030	1	1	0.0	1.000000e+000	1.000000e+000	1.000000e+000	2.000000e+001	0.8788E-02	0.9909E-01
32	-9.300000e+001	-130.508	1	1	0.0	1.000000e+000	1.000000e+000	1.000000e+000	2.000000e+001	0.8788E-02	0.9909E-01
33	-9.600000e+001	-128.925	1	1	0.0	1.000000e+000	1.000000e+000	1.000000e+000	2.000000e+001	0.8787E-02	0.9909E-01
34	-9.900000e+001	-127.279	1	1	0.0	1.000000e+000	1.000000e+000	1.000000e+000	2.000000e+001	0.8787E-02	0.9909E-01
35	-1.020000e+002	-125.573	1	1	0.0	1.000000e+000	1.000000e+000	1.000000e+000	2.000000e+001	0.8787E-02	0.9909E-01
36	-1.050000e+002	-123.807	1	1	0.0	1.000000e+000	1.000000e+000	1.000000e+000	2.000000e+001	0.8787E-02	0.9909E-01
37	-1.080000e+002	-121.981	1	1	0.0	1.000000e+000	1.000000e+000	1.000000e+000	2.000000e+001	0.8787E-02	0.9909E-01
38	-1.110000e+002	-120.097	1	1	0.0	1.000000e+000	1.000000e+000	1.000000e+000	2.000000e+001	0.8786E-02	0.9909E-01
39	-1.140000e+002	-118.148	1	1	0.0	1.000000e+000	1.000000e+000	1.000000e+000	2.000000e+001	0.8786E-02	0.9909E-01
40	-1.170000e+002	-116.130	1	1	0.0	1.000000e+000	1.000000e+000	1.000000e+000	2.000000e+001	0.8786E-02	0.9909E-01
41	-1.200000e+002	-114.047	1	1	0.0	1.000000e+000	1.000000e+000	1.000000e+000	2.000000e+001	0.8786E-02	0.9909E-01
42	-1.230000e+002	-111.903	1	1	0.0	1.000000e+000	1.000000e+000	1.000000e+000	2.000000e+001	0.8786E-02	0.9909E-01
43	-1.260000e+002	-109.702	1	1	0.0	1.000000e+000	1.000000e+000	1.000000e+000	2.000000e+001	0.8786E-02	0.9909E-01
44	-1.290000e+002	-107.448	1	1	0.0	1.000000e+000	1.000000e+000	1.000000e+000	2.000000e+001	0.8785E-02	0.9909E-01
45	-1.320000e+002	-105.144	1	1	0.0	1.000000e+000	1.000000e+000	1.000000e+000	2.000000e+001	0.8785E-02	0.9909E-01
46	-1.350000e+002	-102.794	1	1	0.0	1.000000e+000	1.000000e+000	1.000000e+000	2.000000e+001	0.8785E-02	0.9909E-01
47	-1.380000e+002	-100.402	1	1	0.0	1.000000e+000	1.000000e+000	1.000000e+000	2.000000e+001	0.8785E-02	0.9909E-01
48	-1.410000e+002	-97.970	1	1	0.0	1.000000e+000	1.000000e+000	1.000000e+000	2.000000e+001	0.8785E-02	0.9909E-01
49	-1.440000e+002	-95.502	1	1	0.0	1.000000e+000	1.000000e+000	1.000000e+000	2.000000e+001	0.8785E-02	0.9909E-01
50	-1.470000e+002	-92.996	1	1	0.0	1.000000e+000	1.000000e+000	1.000000e+000	2.000000e+001	0.8785E-02	0.9909E-01
51	-1.500000e+002	-90.451	1	1	0.0	1.000000e+000	1.000000e+000	1.000000e+000	2.000000e+001	0.8785E-02	0.9909E-01
52	-1.530000e+002	-87.871	1	1	0.0	1.000000e+000	1.000000e+000	1.000000e+000	2.000000e+001	0.8785E-02	0.9909E-01
53	-1.560000e+002	-85.260	1	1	0.0	1.000000e+000	1.000000e+000	1.000000e+000	2.000000e+001	0.8785E-02	0.9909E-01
54	-1.590000e+002	-82.621	1	1	0.0	1.000000e+000	1.000000e+000	1.000000e+000	2.000000e+001	0.8785E-02	0.9909E-01
55	-1.620000e+002	-79.956	1	1	0.0	1.000000e+000	1.000000e+000	1.000000e+000	2.000000e+001	0.8785E-02	0.9909E-01
56	-1.650000e+002	-77.268	1	1	0.0	1.000000e+000	1.000000e+000	1.000000e+000	2.000000e+001	0.8785E-02	0.9909E-01
57	-1.680000e+002	-74.558	1	1	0.0	1.000000e+000	1.000000e+000	1.000000e+000	2.000000e+001	0.8785E-02	0.9909E-01
58	-1.710000e+002	-71.826	1	1	0.0	1.000000e+000	1.000000e+000	1.000000e+000	2.000000e+001	0.8785E-02	0.9909E-01
59	-1.740000e+002	-69.074	1	1	0.0	1.000000e+000	1.000000e+000	1.000000e+000	2.000000e+001	0.8785E-02	0.9909E-01
60	-1.770000e+002	-66.302	1	1	0.0	1.000000e+000	1.000000e+000	1.000000e+000	2.000000e+001	0.8785E-02	0.9909E-01
61	-1.800000e+002	-63.515	1	1	0.0	1.000000e+000	1.000000e+000	1.000000e+000	2.000000e+001	0.8785E-02	0.9909E-01
62	-1.830000e+002	-60.712	1	1	0.0	1.000000e+000	1.000000e+000	1.000000e+000	2.000000e+001	0.8785E-02	0.9909E-01
63	-1.860000e+002	-57.896	1	1	0.0	1.000000e+000	1.000000e+000	1.000000e+000	2.000000e+001	0.8785E-02	0.9909E-01
64	-1.890000e+002	-55.066	1	1	0.0	1.000000e+000	1.000000e+000	1.000000e+000	2.000000e+001	0.8785E-02	0.9909E-01
65	-1.920000e+002	-52.223	1	1	0.0	1.000000e+000	1.000000e+000	1.000000e+000	2.000000e+001	0.8785E-02	0.9909E-01
66	-1.950000e+002	-49.369	1	1	0.0	1.000000e+000	1.000000e+000	1.000000e+000	2.000000e+001	0.8785E-02	0.9909E-01
67	-1.980000e+002	-46.505	1	1	0.0	1.000000e+000	1.000000e+000	1.000000e+000	2.000000e+001	0.8785E-02	0.9909E-01
68	-2.010000e+002	-43.631	1	1	0.0	1.000000e+000	1.000000e+000	1.000000e+000	2.000000e+001	0.8785E-02	0.9909E-01
69	-2.040000e+002	-40.748	1	1	0.0	1.000000e+000	1.000000e+000	1.000000e+000	2.000000e+001	0.8785E-02	0.9909E-01
70	-2.070000e+002	-37.857	1	1	0.0	1.000000e+000	1.000000e+000	1.000000e+000	2.000000e+001	0.8785E-02	0.9909E-01
71	-2.100000e+002	-34.958	1	1	0.0	1.000000e+000	1.000000e+000	1.000000e+000	2.000000e+001	0.8785E-02	0.9909E-01
72	-2.130000e+002	-32.051	1	1	0.0	1.000000e+000	1.000000e+000	1.000000e+000	2.000000e+001	0.8785E-02	0.9909E-01
73	-2.160000e+002	-29.139	1	1	0.0	1.000000e+000	1.000000e+000	1.000000e+000	2.000000e+001	0.8785E-02	0.9909E-01
74	-2.190000e+002	-26.219	1	1	0.0	1.000000e+000	1.000000e+000	1.000000e+000	2.000000e+001	0.8785E-02	0.9909E-01
75	-2.220000e+002	-23.295	1	1	0.0	1.000000e+000	1.000000e+000	1.000000e+000	2.000000e+001	0.8784E-02	0.9908E-01
76	-2.250000e+002	-20.364	1	1	0.0	1.000000e+000	1.000000e+000	1.000000e+000	2.000000e+001	0.8784E-02	0.9908E-01
77	-2.280000e+002	-17.429	1	1	0.0	1.000000e+000	1.000000e+000	1.000000e+000	2.000000e+001	0.8783E-02	0.9907E-01
78	-2.310000e+002	-14.488	1	1	0.0	1.000000e+000	1.000000e+000	1.000000e+000	2.000000e+001	0.8783E-02	0.9907E-01
79	-2.340000e+002	-11.543	1	1	0.0	1.000000e+000	1.000000e+000	1.000000e+000	2.000000e+001	0.8782E-02	0.9906E-01
80	-2.370000e+002	-8.593	1	1	0.0	1.000000e+000	1.000000e+000	1.000000e+000	2.000000e+001	0.8781E-02	0.9905E-01
81	-2.400000e+002	-5.639	1	1	0.0	1.000000e+000	1.000000e+000	1.000000e+000	2.000000e+001	0.8781E-02	0.9904E-01
82	-2.430000e+002	-2.680	1	1	0.0	1.000000e+000	1.000000e+000	1.000000e+000	2.000000e+001	0.8780E-02	0.9903E-01
83	-2.460000e+002	0.285	1	1	0.0	1.000000e+000	1.000000e+000	1.000000e+000	2.000000e+001	0.8779E-02	0.9902E-01
84	-2.490000e+002	3.253	1	1	0.0	1.000000e+000	1.000000e+000	1.000000e+000	2.000000e+001	0.8778E-02	0.9901E-01
85	-2.520000e+002	6.221	1	1	0.0	1.000000e+000	1.000000e+000	1.000000e+000	2.000000e+001	0.8776E-02	0.9899E-01
86	-2.550000e+002	9.190	1	1	0.0	1.000000e+000	1.000000e+000	1.000000e+000	2.000000e+001	0.8774E-02	0.9897E-01
87	-2.580000e+002	12.158	1	1	0.0	1.000000e+000	1.000000e+000	1.000000e+000	2.000000e+001	0.8773E-02	0.9895E-01
88	-2.610000e+002	15.126	1	1	0.0	1.000000e+000	1.000000e+000	1.000000e+000	2.000000e+001	0.8771E-02	0.9893E-01
89	-2.640000e+002	18.094	1	1	0.0	1.000000e+000	1.000000e+000	1.000000e+000	2.000000e+001	0.8769E-02	0.9891E-01
90	-2.670000e+002	21.062	1	1	0.0	1.000000e+000	1.000000e+000	1.000000e+000	2.000000e+001	0.8766E-02	0.9887E-01
91	-2.700000e+002	24.031	1	1	0.0	1.000000e+000	1.000000e+000	1.000000e+000	2.000000e+001	0.8762E-02	0.9884E-01
92	-2.730000e+002	26.999	1	1	0.0	1.000000e+000	1.000000e+000	1.000000e+000	2.000000e+001	0.8758E-02	0.9879E-01
93	-2.760000e+002	29.967	1	1	0.0	1.000000e+000	1.000000e+000	1.000000e+000	2.000000e+001	0.8754E-02	0.9874E-01
94	-2.790000e+002	32.935	1	1	0.0	1.000000e+000	1.000000e+000	1.000000e+000	2.000000e+001	0.8748E-02	0.9868E-01
95	-2.820000e+002	35.904	1	1	0.0	1.000000e+000	1.000000e+000	1.000000e+000	2.000000e+001	0.8741E-02	0.9859E-01
96	-2.850000e+002	38.872	1	1	0.0	1.000000e+000	1.000000e+000	1.000000e+000	2.000000e+001	0.8732E-02	0.9850E-01
97	-2.880000e+002	41.840	1	1	0.0	1.000000e+000	1.000000e+000	1.000000e+000	2.000000e+001	0.8721E-02	0.9838E-01
98	-2.910000e+002	44.808	1	1	0.0	1.000000e+000	1.000000e+000	1.000000e+000	2.000000e+001	0.8707E-02	0.9823E-01
99	-2.940000e+002	47.776	1	1	0.0	1.000000e+000	1.000000e+000	1.000000e+000	2.000000e+001	0.8687E-02	0.9802E-01
100	-2.970000e+002	50.745	1	1	0.0	1.000000e+000	1.000000e+000	1.000000e+000	2.000000e+001	0.8662E-02	0.9772E-01
101	-3.000000e+002	53.713	1	1	0.0	1.000000e+000	1.000000e+000	1.000000e+000	2.000000e+001	0.8662E-02	0.9685E-01
