1	-0.000000e+000	-234.908	1	1	0.0	1.000000e+000	1.000000e+000	1.000000e+000	2.000000e+001	0.2810E-02	0.1122E+00
2	-3.000000e+000	-231.840	1	1	0.0	1.000000e+000	1.000000e+000	1.000000e+000	2.000000e+001	0.2871E-02	0.1149E+00
3	-6.000000e+000	-228.878	1	1	0.0	1.000000e+000	1.000000e+000	1.000000e+000	2.000000e+001	0.2921E-02	0.1169E+00
4	-9.000000e+000	-226.009	1	1	1.0	1.000000e+000	1.000000e+000	1.000000e+000	2.000000e+001	0.2936E-02	0.1175E+00
5	-1.200000e+001	-223.197	1	1	1.0	1.000000e+000	1.000000e+000	1.000000e+000	2.000000e+001	0.2911E-02	0.1165E+00
6	-1.500000e+001	-220.430	1	1	1.0	1.000000e+000	1.000000e+000	1.000000e+000	2.000000e+001	0.2852E-02	0.1141E+00
7	-1.800000e+001	-217.698	1	1	1.0	1.000000e+000	1.000000e+000	1.000000e+000	2.000000e+001	0.2771E-02	0.1108E+00
8	-2.100000e+001	-214.991	1	1	1.0	1.000000e+000	1.000000e+000	1.000000e+000	2.000000e+001	0.2692E-02	0.1076E+00
9	-2.400000e+001	-212.304	1	1	0.9375000449999964	1.000000e+000	1.000000e+000	1.000000e+000	2.000000e+001	0.2627E-02	0.1050E+00
10	-2.700000e+001	-209.629	1	1	0.8750000899999929	1.000000e+000	1.000000e+000	1.000000e+000	2.000000e+001	0.2584E-02	0.1033E+00
11	-3.000000e+001	-206.961	1	1	0.812499775000018	1.000000e+000	1.000000e+000	1.000000e+000	2.000000e+001	0.2556E-02	0.1022E+00
12	-3.300000e+001	-204.299	1	1	0.7499998200000144	1.000000e+000	1.000000e+000	1.000000e+000	2.000000e+001	0.2541E-02	0.1016E+00
13	-3.600000e+001	-201.637	1	1	0.6874998650000109	1.000000e+000	1.000000e+000	1.000000e+000	2.000000e+001	0.2533E-02	0.1013E+00
14	-3.900000e+001	-198.974	1	1	0.6249999100000072	1.000000e+000	1.000000e+000	1.000000e+000	2.000000e+001	0.2528E-02	0.1011E+00
15	-4.200000e+001	-196.309	1	1	0.5624999550000036	1.000000e+000	1.000000e+000	1.000000e+000	2.000000e+001	0.2528E-02	0.1011E+00
16	-4.500000e+001	-193.639	1	1	0.5	1.000000e+000	1.000000e+000	1.000000e+000	2.000000e+001	0.2528E-02	0.1011E+00
17	-4.800000e+001	-190.964	1	1	0.43750004499999645	1.000000e+000	1.000000e+000	1.000000e+000	2.000000e+001	0.2528E-02	0.1011E+00
18	-5.100000e+001	-188.281	1	1	0.3750000899999928	1.000000e+000	1.000000e+000	1.000000e+000	2.000000e+001	0.2528E-02	0.1011E+00
19	-5.400000e+001	-185.588	1	1	0.31250013499998924	1.000000e+000	1.000000e+000	1.000000e+000	2.000000e+001	0.2528E-02	0.1011E+00
20	-5.700000e+001	-182.885	1	1	0.2499998200000144	1.000000e+000	1.000000e+000	1.000000e+000	2.000000e+001	0.2528E-02	0.1011E+00
21	-6.000000e+001	-180.175	1	1	0.1874998650000108	1.000000e+000	1.000000e+000	1.000000e+000	2.000000e+001	0.2528E-02	0.1011E+00
22	-6.300000e+001	-177.457	1	1	0.1249999100000072	1.000000e+000	1.000000e+000	1.000000e+000	2.000000e+001	0.2528E-02	0.1011E+00
23	-6.600000e+001	-174.733	1	1	0.0624999550000036	1.000000e+000	1.000000e+000	1.000000e+000	2.000000e+001	0.2528E-02	0.1011E+00
24	-6.900000e+001	-172.004	1	1	0.0	1.000000e+000	1.000000e+000	1.000000e+000	2.000000e+001	0.2528E-02	0.1011E+00
25	-7.200000e+001	-169.270	1	1	0.0	1.000000e+000	1.000000e+000	1.000000e+000	2.000000e+001	0.2528E-02	0.1011E+00
26	-7.500000e+001	-166.531	1	1	0.0	1.000000e+000	1.000000e+000	1.000000e+000	2.000000e+001	0.2528E-02	0.1011E+00
27	-7.800000e+001	-163.789	1	1	0.0	1.000000e+000	1.000000e+000	1.000000e+000	2.000000e+001	0.2528E-02	0.1011E+00
28	-8.100000e+001	-161.042	1	1	0.0	1.000000e+000	1.000000e+000	1.000000e+000	2.000000e+001	0.2528E-02	0.1011E+00
29	-8.400000e+001	-158.292	1	1	0.0	1.000000e+000	1.000000e+000	1.000000e+000	2.000000e+001	0.2528E-02	0.1011E+00
30	-8.700000e+001	-155.539	1	1	0.0	1.000000e+000	1.000000e+000	1.000000e+000	2.000000e+001	0.2528E-02	0.1011E+00
31	-9.000000e+001	-152.783	1	1	0.0	1.000000e+000	1.000000e+000	1.000000e+000	2.000000e+001	0.2528E-02	0.1011E+00
32	-9.300000e+001	-150.022	1	1	0.0	1.000000e+000	1.000000e+000	1.000000e+000	2.000000e+001	0.2528E-02	0.1011E+00
33	-9.600000e+001	-147.255	1	1	0.0	1.000000e+000	1.000000e+000	1.000000e+000	2.000000e+001	0.2528E-02	0.1011E+00
34	-9.900000e+001	-144.482	1	1	0.0	1.000000e+000	1.000000e+000	1.000000e+000	2.000000e+001	0.2528E-02	0.1011E+00
35	-1.020000e+002	-141.703	1	1	0.0	1.000000e+000	1.000000e+000	1.000000e+000	2.000000e+001	0.2528E-02	0.1011E+00
36	-1.050000e+002	-138.919	1	1	0.0	1.000000e+000	1.000000e+000	1.000000e+000	2.000000e+001	0.2528E-02	0.1011E+00
37	-1.080000e+002	-136.131	1	1	0.0	1.000000e+000	1.000000e+000	1.000000e+000	2.000000e+001	0.2528E-02	0.1011E+00
38	-1.110000e+002	-133.338	1	1	0.0	1.000000e+000	1.000000e+000	1.000000e+000	2.000000e+001	0.2528E-02	0.1011E+00
39	-1.140000e+002	-130.540	1	1	0.0	1.000000e+000	1.000000e+000	1.000000e+000	2.000000e+001	0.2528E-02	0.1011E+00
40	-1.170000e+002	-127.739	1	1	0.0	1.000000e+000	1.000000e+000	1.000000e+000	2.000000e+001	0.2528E-02	0.1011E+00
41	-1.200000e+002	-124.935	1	1	0.0	1.000000e+000	1.000000e+000	1.000000e+000	2.000000e+001	0.2528E-02	0.1011E+00
42	-1.230000e+002	-122.127	1	1	0.0	1.000000e+000	1.000000e+000	1.000000e+000	2.000000e+001	0.2528E-02	0.1011E+00
43	-1.260000e+002	-119.315	1	1	0.0	1.000000e+000	1.000000e+000	1.000000e+000	2.000000e+001	0.2528E-02	0.1011E+00
44	-1.290000e+002	-116.497	1	1	0.0	1.000000e+000	1.000000e+000	1.000000e+000	2.000000e+001	0.2528E-02	0.1011E+00
45	-1.320000e+002	-113.674	1	1	0.0	1.000000e+000	1.000000e+000	1.000000e+000	2.000000e+001	0.2528E-02	0.1011E+00
46	-1.350000e+002	-110.844	1	1	0.0	1.000000e+000	1.000000e+000	1.000000e+000	2.000000e+001	0.2528E-02	0.1011E+00
47	-1.380000e+002	-108.010	1	1	0.0	1.000000e+000	1.000000e+000	1.000000e+000	2.000000e+001	0.2528E-02	0.1011E+00
48	-1.410000e+002	-105.170	1	1	0.0	1.000000e+000	1.000000e+000	1.000000e+000	2.000000e+001	0.2528E-02	0.1011E+00
49	-1.440000e+002	-102.327	1	1	0.0	1.000000e+000	1.000000e+000	1.000000e+000	2.000000e+001	0.2528E-02	0.1011E+00
50	-1.470000e+002	-99.478	1	1	0.0	1.000000e+000	1.000000e+000	1.000000e+000	2.000000e+001	0.2528E-02	0.1011E+00
51	-1.500000e+002	-96.626	1	1	0.0	1.000000e+000	1.000000e+000	1.000000e+000	2.000000e+001	0.2528E-02	0.1011E+00
52	-1.530000e+002	-93.770	1	1	0.0	1.000000e+000	1.000000e+000	1.000000e+000	2.000000e+001	0.2528E-02	0.1011E+00
53	-1.560000e+002	-90.907	1	1	0.0	1.000000e+000	1.000000e+000	1.000000e+000	2.000000e+001	0.2528E-02	0.1011E+00
54	-1.590000e+002	-88.039	1	1	0.0	1.000000e+000	1.000000e+000	1.000000e+000	2.000000e+001	0.2528E-02	0.1011E+00
55	-1.620000e+002	-85.166	1	1	0.0	1.000000e+000	1.000000e+000	1.000000e+000	2.000000e+001	0.2528E-02	0.1011E+00
56	-1.650000e+002	-82.289	1	1	0.0	1.000000e+000	1.000000e+000	1.000000e+000	2.000000e+001	0.2528E-02	0.1011E+00
57	-1.680000e+002	-79.407	1	1	0.0	1.000000e+000	1.000000e+000	1.000000e+000	2.000000e+001	0.2528E-02	0.1011E+00
58	-1.710000e+002	-76.520	1	1	0.0	1.000000e+000	1.000000e+000	1.000000e+000	2.000000e+001	0.2528E-02	0.1011E+00
59	-1.740000e+002	-73.630	1	1	0.0	1.000000e+000	1.000000e+000	1.000000e+000	2.000000e+001	0.2528E-02	0.1011E+00
60	-1.770000e+002	-70.734	1	1	0.0	1.000000e+000	1.000000e+000	1.000000e+000	2.000000e+001	0.2528E-02	0.1011E+00
61	-1.800000e+002	-67.834	1	1	0.0	1.000000e+000	1.000000e+000	1.000000e+000	2.000000e+001	0.2528E-02	0.1011E+00
62	-1.830000e+002	-64.929	1	1	0.0	1.000000e+000	1.000000e+000	1.000000e+000	2.000000e+001	0.2528E-02	0.1011E+00
63	-1.860000e+002	-62.020	1	1	0.0	1.000000e+000	1.000000e+000	1.000000e+000	2.000000e+001	0.2528E-02	0.1011E+00
64	-1.890000e+002	-59.108	1	1	0.0	1.000000e+000	1.000000e+000	1.000000e+000	2.000000e+001	0.2528E-02	0.1011E+00
65	-1.920000e+002	-56.191	1	1	0.0	1.000000e+000	1.000000e+000	1.000000e+000	2.000000e+001	0.2528E-02	0.1011E+00
66	-1.950000e+002	-53.270	1	1	0.0	1.000000e+000	1.000000e+000	1.000000e+000	2.000000e+001	0.2528E-02	0.1011E+00
67	-1.980000e+002	-50.345	1	1	0.0	1.000000e+000	1.000000e+000	1.000000e+000	2.000000e+001	0.2528E-02	0.1011E+00
68	-2.010000e+002	-47.416	1	1	0.0	1.000000e+000	1.000000e+000	1.000000e+000	2.000000e+001	0.2528E-02	0.1011E+00
69	-2.040000e+002	-44.484	1	1	0.0	1.000000e+000	1.000000e+000	1.000000e+000	2.000000e+001	0.2528E-02	0.1011E+00
70	-2.070000e+002	-41.548	1	1	0.0	1.000000e+000	1.000000e+000	1.000000e+000	2.000000e+001	0.2528E-02	0.1011E+00
71	-2.100000e+002	-38.609	1	1	0.0	1.000000e+000	1.000000e+000	1.000000e+000	2.000000e+001	0.2528E-02	0.1011E+00
72	-2.130000e+002	-35.666	1	1	0.0	1.000000e+000	1.000000e+000	1.000000e+000	2.000000e+001	0.2528E-02	0.1011E+00
73	-2.160000e+002	-32.720	1	1	0.0	1.000000e+000	1.000000e+000	1.000000e+000	2.000000e+001	0.2528E-02	0.1011E+00
74	-2.190000e+002	-29.771	1	1	0.0	1.000000e+000	1.000000e+000	1.000000e+000	2.000000e+001	0.2528E-02	0.1011E+00
75	-2.220000e+002	-26.820	1	1	0.0	1.000000e+000	1.000000e+000	1.000000e+000	2.000000e+001	0.2528E-02	0.1011E+00
76	-2.250000e+002	-23.865	1	1	0.0	1.000000e+000	1.000000e+000	1.000000e+000	2.000000e+001	0.2528E-02	0.1011E+00
77	-2.280000e+002	-20.907	1	1	0.0	1.000000e+000	1.000000e+000	1.000000e+000	2.000000e+001	0.2528E-02	0.1011E+00
78	-2.310000e+002	-17.946	1	1	0.0	1.000000e+000	1.000000e+000	1.000000e+000	2.000000e+001	0.2528E-02	0.1011E+00
79	-2.340000e+002	-14.983	1	1	0.0	1.000000e+000	1.000000e+000	1.000000e+000	2.000000e+001	0.2528E-02	0.1011E+00
80	-2.370000e+002	-12.017	1	1	0.0	1.000000e+000	1.000000e+000	1.000000e+000	2.000000e+001	0.2528E-02	0.1011E+00
81	-2.400000e+002	-9.049	1	1	0.0	1.000000e+000	1.000000e+000	1.000000e+000	2.000000e+001	0.2528E-02	0.1011E+00
82	-2.430000e+002	-6.077	1	1	0.0	1.000000e+000	1.000000e+000	1.000000e+000	2.000000e+001	0.2528E-02	0.1011E+00
83	-2.460000e+002	-3.103	1	1	0.0	1.000000e+000	1.000000e+000	1.000000e+000	2.000000e+001	0.2528E-02	0.1011E+00
84	-2.490000e+002	-0.126	1	1	0.0	1.000000e+000	1.000000e+000	1.000000e+000	2.000000e+001	0.2528E-02	0.1011E+00
85	-2.520000e+002	2.854	1	1	0.0	1.000000e+000	1.000000e+000	1.000000e+000	2.000000e+001	0.2528E-02	0.1011E+00
86	-2.550000e+002	5.834	1	1	0.0	1.000000e+000	1.000000e+000	1.000000e+000	2.000000e+001	0.2528E-02	0.1011E+00
87	-2.580000e+002	8.814	1	1	0.0	1.000000e+000	1.000000e+000	1.000000e+000	2.000000e+001	0.2528E-02	0.1011E+00
88	-2.610000e+002	11.795	1	1	0.0	1.000000e+000	1.000000e+000	1.000000e+000	2.000000e+001	0.2528E-02	0.1011E+00
89	-2.640000e+002	14.775	1	1	0.0	1.000000e+000	1.000000e+000	1.000000e+000	2.000000e+001	0.2528E-02	0.1011E+00
90	-2.670000e+002	17.755	1	1	0.0	1.000000e+000	1.000000e+000	1.000000e+000	2.000000e+001	0.2528E-02	0.1011E+00
91	-2.700000e+002	20.735	1	1	0.0	1.000000e+000	1.000000e+000	1.000000e+000	2.000000e+001	0.2528E-02	0.1011E+00
92	-2.730000e+002	23.715	1	1	0.0	1.000000e+000	1.000000e+000	1.000000e+000	2.000000e+001	0.2528E-02	0.1011E+00
93	-2.760000e+002	26.696	1	1	0.0	1.000000e+000	1.000000e+000	1.000000e+000	2.000000e+001	0.2528E-02	0.1011E+00
94	-2.790000e+002	29.676	1	1	0.0	1.000000e+000	1.000000e+000	1.000000e+000	2.000000e+001	0.2527E-02	0.1011E+00
95	-2.820000e+002	32.656	1	1	0.0	1.000000e+000	1.000000e+000	1.000000e+000	2.000000e+001	0.2525E-02	0.1010E+00
96	-2.850000e+002	35.636	1	1	0.0	1.000000e+000	1.000000e+000	1.000000e+000	2.000000e+001	0.2525E-02	0.1010E+00
97	-2.880000e+002	38.616	1	1	0.0	1.000000e+000	1.000000e+000	1.000000e+000	2.000000e+001	0.2525E-02	0.1010E+00
98	-2.910000e+002	41.596	1	1	0.0	1.000000e+000	1.000000e+000	1.000000e+000	2.000000e+001	0.2523E-02	0.1009E+00
99	-2.940000e+002	44.577	1	1	0.0	1.000000e+000	1.000000e+000	1.000000e+000	2.000000e+001	0.2520E-02	0.1008E+00
100	-2.970000e+002	47.557	1	1	0.0	1.000000e+000	1.000000e+000	1.000000e+000	2.000000e+001	0.2516E-02	0.1006E+00
101	-3.000000e+002	50.537	1	1	0.0	1.000000e+000	1.000000e+000	1.000000e+000	2.000000e+001	0.2516E-02	0.1006E+00
