1	-0.000000e+000	-196.107	1	1	0.0	1.000000e+000	1.000000e+000	1.000000e+000	2.000000e+001	0.7872E-02	0.8919E-01
2	-3.000000e+000	-193.123	1	1	0.0	1.000000e+000	1.000000e+000	1.000000e+000	2.000000e+001	0.8108E-02	0.9124E-01
3	-6.000000e+000	-190.377	1	1	0.0	1.000000e+000	1.000000e+000	1.000000e+000	2.000000e+001	0.8344E-02	0.9414E-01
4	-9.000000e+000	-187.854	1	1	1.0	1.000000e+000	1.000000e+000	1.000000e+000	2.000000e+001	0.8546E-02	0.9666E-01
5	-1.200000e+001	-185.510	1	1	1.0	1.000000e+000	1.000000e+000	1.000000e+000	2.000000e+001	0.8706E-02	0.9860E-01
6	-1.500000e+001	-183.317	1	1	1.0	1.000000e+000	1.000000e+000	1.000000e+000	2.000000e+001	0.8819E-02	0.9990E-01
7	-1.800000e+001	-181.255	1	1	1.0	1.000000e+000	1.000000e+000	1.000000e+000	2.000000e+001	0.8893E-02	0.1007E+00
8	-2.100000e+001	-179.303	1	1	1.0	1.000000e+000	1.000000e+000	1.000000e+000	2.000000e+001	0.8938E-02	0.1011E+00
9	-2.400000e+001	-177.442	1	1	0.9895831848333453	1.000000e+000	1.000000e+000	1.000000e+000	2.000000e+001	0.8958E-02	0.1013E+00
10	-2.700000e+001	-175.656	1	1	0.9374999730000022	1.000000e+000	1.000000e+000	1.000000e+000	2.000000e+001	0.8960E-02	0.1013E+00
11	-3.000000e+001	-173.929	1	1	0.885416761166659	1.000000e+000	1.000000e+000	1.000000e+000	2.000000e+001	0.8947E-02	0.1010E+00
12	-3.300000e+001	-172.249	1	1	0.8333331173333507	1.000000e+000	1.000000e+000	1.000000e+000	2.000000e+001	0.8927E-02	0.1007E+00
13	-3.600000e+001	-170.604	1	1	0.7812499055000076	1.000000e+000	1.000000e+000	1.000000e+000	2.000000e+001	0.8908E-02	0.1004E+00
14	-3.900000e+001	-168.981	1	1	0.7291666936666645	1.000000e+000	1.000000e+000	1.000000e+000	2.000000e+001	0.8891E-02	0.1002E+00
15	-4.200000e+001	-167.372	1	1	0.6770834818333215	1.000000e+000	1.000000e+000	1.000000e+000	2.000000e+001	0.8877E-02	0.1000E+00
16	-4.500000e+001	-165.767	1	1	0.624999838000013	1.000000e+000	1.000000e+000	1.000000e+000	2.000000e+001	0.8869E-02	0.1000E+00
17	-4.800000e+001	-164.157	1	1	0.5729166261666699	1.000000e+000	1.000000e+000	1.000000e+000	2.000000e+001	0.8861E-02	0.9996E-01
18	-5.100000e+001	-162.536	1	1	0.5208334143333269	1.000000e+000	1.000000e+000	1.000000e+000	2.000000e+001	0.8852E-02	0.9984E-01
19	-5.400000e+001	-160.897	1	1	0.46874977050001837	1.000000e+000	1.000000e+000	1.000000e+000	2.000000e+001	0.8843E-02	0.9972E-01
20	-5.700000e+001	-159.236	1	1	0.41666655866667535	1.000000e+000	1.000000e+000	1.000000e+000	2.000000e+001	0.8834E-02	0.9961E-01
21	-6.000000e+001	-157.546	1	1	0.36458334683333227	1.000000e+000	1.000000e+000	1.000000e+000	2.000000e+001	0.8826E-02	0.9952E-01
22	-6.300000e+001	-155.826	1	1	0.31250013499998924	1.000000e+000	1.000000e+000	1.000000e+000	2.000000e+001	0.8818E-02	0.9944E-01
23	-6.600000e+001	-154.070	1	1	0.26041649116668075	1.000000e+000	1.000000e+000	1.000000e+000	2.000000e+001	0.8811E-02	0.9936E-01
24	-6.900000e+001	-152.278	1	1	0.20833327933333767	1.000000e+000	1.000000e+000	1.000000e+000	2.000000e+001	0.8805E-02	0.9928E-01
25	-7.200000e+001	-150.439	1	1	0.15625006749999462	1.000000e+000	1.000000e+000	1.000000e+000	2.000000e+001	0.8800E-02	0.9922E-01
26	-7.500000e+001	-148.544	1	1	0.10416685566665156	1.000000e+000	1.000000e+000	1.000000e+000	2.000000e+001	0.8795E-02	0.9917E-01
27	-7.800000e+001	-146.591	1	1	0.05208321183334306	1.000000e+000	1.000000e+000	1.000000e+000	2.000000e+001	0.8792E-02	0.9913E-01
28	-8.100000e+001	-144.582	1	1	0.0	1.000000e+000	1.000000e+000	1.000000e+000	2.000000e+001	0.8789E-02	0.9910E-01
29	-8.400000e+001	-142.519	1	1	0.0	1.000000e+000	1.000000e+000	1.000000e+000	2.000000e+001	0.8788E-02	0.9910E-01
30	-8.700000e+001	-140.402	1	1	0.0	1.000000e+000	1.000000e+000	1.000000e+000	2.000000e+001	0.8787E-02	0.9909E-01
31	-9.000000e+001	-138.235	1	1	0.0	1.000000e+000	1.000000e+000	1.000000e+000	2.000000e+001	0.8786E-02	0.9909E-01
32	-9.300000e+001	-136.018	1	1	0.0	1.000000e+000	1.000000e+000	1.000000e+000	2.000000e+001	0.8786E-02	0.9909E-01
33	-9.600000e+001	-133.754	1	1	0.0	1.000000e+000	1.000000e+000	1.000000e+000	2.000000e+001	0.8786E-02	0.9909E-01
34	-9.900000e+001	-131.446	1	1	0.0	1.000000e+000	1.000000e+000	1.000000e+000	2.000000e+001	0.8786E-02	0.9909E-01
35	-1.020000e+002	-129.096	1	1	0.0	1.000000e+000	1.000000e+000	1.000000e+000	2.000000e+001	0.8786E-02	0.9909E-01
36	-1.050000e+002	-126.706	1	1	0.0	1.000000e+000	1.000000e+000	1.000000e+000	2.000000e+001	0.8785E-02	0.9909E-01
37	-1.080000e+002	-124.278	1	1	0.0	1.000000e+000	1.000000e+000	1.000000e+000	2.000000e+001	0.8785E-02	0.9909E-01
38	-1.110000e+002	-121.816	1	1	0.0	1.000000e+000	1.000000e+000	1.000000e+000	2.000000e+001	0.8785E-02	0.9909E-01
39	-1.140000e+002	-119.318	1	1	0.0	1.000000e+000	1.000000e+000	1.000000e+000	2.000000e+001	0.8785E-02	0.9909E-01
40	-1.170000e+002	-116.783	1	1	0.0	1.000000e+000	1.000000e+000	1.000000e+000	2.000000e+001	0.8785E-02	0.9909E-01
41	-1.200000e+002	-114.211	1	1	0.0	1.000000e+000	1.000000e+000	1.000000e+000	2.000000e+001	0.8785E-02	0.9909E-01
42	-1.230000e+002	-111.606	1	1	0.0	1.000000e+000	1.000000e+000	1.000000e+000	2.000000e+001	0.8785E-02	0.9909E-01
43	-1.260000e+002	-108.971	1	1	0.0	1.000000e+000	1.000000e+000	1.000000e+000	2.000000e+001	0.8785E-02	0.9909E-01
44	-1.290000e+002	-106.308	1	1	0.0	1.000000e+000	1.000000e+000	1.000000e+000	2.000000e+001	0.8785E-02	0.9909E-01
45	-1.320000e+002	-103.621	1	1	0.0	1.000000e+000	1.000000e+000	1.000000e+000	2.000000e+001	0.8785E-02	0.9909E-01
46	-1.350000e+002	-100.911	1	1	0.0	1.000000e+000	1.000000e+000	1.000000e+000	2.000000e+001	0.8785E-02	0.9909E-01
47	-1.380000e+002	-98.180	1	1	0.0	1.000000e+000	1.000000e+000	1.000000e+000	2.000000e+001	0.8785E-02	0.9909E-01
48	-1.410000e+002	-95.431	1	1	0.0	1.000000e+000	1.000000e+000	1.000000e+000	2.000000e+001	0.8785E-02	0.9909E-01
49	-1.440000e+002	-92.663	1	1	0.0	1.000000e+000	1.000000e+000	1.000000e+000	2.000000e+001	0.8785E-02	0.9909E-01
50	-1.470000e+002	-89.875	1	1	0.0	1.000000e+000	1.000000e+000	1.000000e+000	2.000000e+001	0.8785E-02	0.9909E-01
51	-1.500000e+002	-87.071	1	1	0.0	1.000000e+000	1.000000e+000	1.000000e+000	2.000000e+001	0.8785E-02	0.9909E-01
52	-1.530000e+002	-84.251	1	1	0.0	1.000000e+000	1.000000e+000	1.000000e+000	2.000000e+001	0.8785E-02	0.9909E-01
53	-1.560000e+002	-81.417	1	1	0.0	1.000000e+000	1.000000e+000	1.000000e+000	2.000000e+001	0.8785E-02	0.9909E-01
54	-1.590000e+002	-78.571	1	1	0.0	1.000000e+000	1.000000e+000	1.000000e+000	2.000000e+001	0.8785E-02	0.9909E-01
55	-1.620000e+002	-75.715	1	1	0.0	1.000000e+000	1.000000e+000	1.000000e+000	2.000000e+001	0.8785E-02	0.9909E-01
56	-1.650000e+002	-72.847	1	1	0.0	1.000000e+000	1.000000e+000	1.000000e+000	2.000000e+001	0.8785E-02	0.9909E-01
57	-1.680000e+002	-69.969	1	1	0.0	1.000000e+000	1.000000e+000	1.000000e+000	2.000000e+001	0.8785E-02	0.9909E-01
58	-1.710000e+002	-67.081	1	1	0.0	1.000000e+000	1.000000e+000	1.000000e+000	2.000000e+001	0.8785E-02	0.9909E-01
59	-1.740000e+002	-64.185	1	1	0.0	1.000000e+000	1.000000e+000	1.000000e+000	2.000000e+001	0.8785E-02	0.9909E-01
60	-1.770000e+002	-61.281	1	1	0.0	1.000000e+000	1.000000e+000	1.000000e+000	2.000000e+001	0.8785E-02	0.9909E-01
61	-1.800000e+002	-58.370	1	1	0.0	1.000000e+000	1.000000e+000	1.000000e+000	2.000000e+001	0.8785E-02	0.9909E-01
62	-1.830000e+002	-55.453	1	1	0.0	1.000000e+000	1.000000e+000	1.000000e+000	2.000000e+001	0.8785E-02	0.9909E-01
63	-1.860000e+002	-52.529	1	1	0.0	1.000000e+000	1.000000e+000	1.000000e+000	2.000000e+001	0.8785E-02	0.9909E-01
64	-1.890000e+002	-49.600	1	1	0.0	1.000000e+000	1.000000e+000	1.000000e+000	2.000000e+001	0.8785E-02	0.9909E-01
65	-1.920000e+002	-46.665	1	1	0.0	1.000000e+000	1.000000e+000	1.000000e+000	2.000000e+001	0.8785E-02	0.9909E-01
66	-1.950000e+002	-43.726	1	1	0.0	1.000000e+000	1.000000e+000	1.000000e+000	2.000000e+001	0.8785E-02	0.9909E-01
67	-1.980000e+002	-40.782	1	1	0.0	1.000000e+000	1.000000e+000	1.000000e+000	2.000000e+001	0.8785E-02	0.9909E-01
68	-2.010000e+002	-37.835	1	1	0.0	1.000000e+000	1.000000e+000	1.000000e+000	2.000000e+001	0.8785E-02	0.9909E-01
69	-2.040000e+002	-34.883	1	1	0.0	1.000000e+000	1.000000e+000	1.000000e+000	2.000000e+001	0.8785E-02	0.9909E-01
70	-2.070000e+002	-31.928	1	1	0.0	1.000000e+000	1.000000e+000	1.000000e+000	2.000000e+001	0.8785E-02	0.9909E-01
71	-2.100000e+002	-28.970	1	1	0.0	1.000000e+000	1.000000e+000	1.000000e+000	2.000000e+001	0.8785E-02	0.9909E-01
72	-2.130000e+002	-26.009	1	1	0.0	1.000000e+000	1.000000e+000	1.000000e+000	2.000000e+001	0.8785E-02	0.9909E-01
73	-2.160000e+002	-23.044	1	1	0.0	1.000000e+000	1.000000e+000	1.000000e+000	2.000000e+001	0.8785E-02	0.9909E-01
74	-2.190000e+002	-20.078	1	1	0.0	1.000000e+000	1.000000e+000	1.000000e+000	2.000000e+001	0.8785E-02	0.9909E-01
75	-2.220000e+002	-17.108	1	1	0.0	1.000000e+000	1.000000e+000	1.000000e+000	2.000000e+001	0.8784E-02	0.9908E-01
76	-2.250000e+002	-14.137	1	1	0.0	1.000000e+000	1.000000e+000	1.000000e+000	2.000000e+001	0.8784E-02	0.9908E-01
77	-2.280000e+002	-11.163	1	1	0.0	1.000000e+000	1.000000e+000	1.000000e+000	2.000000e+001	0.8783E-02	0.9907E-01
78	-2.310000e+002	-8.186	1	1	0.0	1.000000e+000	1.000000e+000	1.000000e+000	2.000000e+001	0.8783E-02	0.9907E-01
79	-2.340000e+002	-5.208	1	1	0.0	1.000000e+000	1.000000e+000	1.000000e+000	2.000000e+001	0.8782E-02	0.9906E-01
80	-2.370000e+002	-2.227	1	1	0.0	1.000000e+000	1.000000e+000	1.000000e+000	2.000000e+001	0.8781E-02	0.9905E-01
81	-2.400000e+002	0.756	1	1	0.0	1.000000e+000	1.000000e+000	1.000000e+000	2.000000e+001	0.8781E-02	0.9904E-01
82	-2.430000e+002	3.741	1	1	0.0	1.000000e+000	1.000000e+000	1.000000e+000	2.000000e+001	0.8780E-02	0.9903E-01
83	-2.460000e+002	6.726	1	1	0.0	1.000000e+000	1.000000e+000	1.000000e+000	2.000000e+001	0.8779E-02	0.9902E-01
84	-2.490000e+002	9.710	1	1	0.0	1.000000e+000	1.000000e+000	1.000000e+000	2.000000e+001	0.8778E-02	0.9901E-01
85	-2.520000e+002	12.695	1	1	0.0	1.000000e+000	1.000000e+000	1.000000e+000	2.000000e+001	0.8776E-02	0.9899E-01
86	-2.550000e+002	15.680	1	1	0.0	1.000000e+000	1.000000e+000	1.000000e+000	2.000000e+001	0.8774E-02	0.9897E-01
87	-2.580000e+002	18.665	1	1	0.0	1.000000e+000	1.000000e+000	1.000000e+000	2.000000e+001	0.8772E-02	0.9895E-01
88	-2.610000e+002	21.650	1	1	0.0	1.000000e+000	1.000000e+000	1.000000e+000	2.000000e+001	0.8770E-02	0.9892E-01
89	-2.640000e+002	24.634	1	1	0.0	1.000000e+000	1.000000e+000	1.000000e+000	2.000000e+001	0.8767E-02	0.9889E-01
90	-2.670000e+002	27.619	1	1	0.0	1.000000e+000	1.000000e+000	1.000000e+000	2.000000e+001	0.8764E-02	0.9885E-01
91	-2.700000e+002	30.604	1	1	0.0	1.000000e+000	1.000000e+000	1.000000e+000	2.000000e+001	0.8759E-02	0.9880E-01
92	-2.730000e+002	33.589	1	1	0.0	1.000000e+000	1.000000e+000	1.000000e+000	2.000000e+001	0.8753E-02	0.9873E-01
93	-2.760000e+002	36.573	1	1	0.0	1.000000e+000	1.000000e+000	1.000000e+000	2.000000e+001	0.8745E-02	0.9864E-01
94	-2.790000e+002	39.558	1	1	0.0	1.000000e+000	1.000000e+000	1.000000e+000	2.000000e+001	0.8734E-02	0.9853E-01
95	-2.820000e+002	42.543	1	1	0.0	1.000000e+000	1.000000e+000	1.000000e+000	2.000000e+001	0.8720E-02	0.9837E-01
96	-2.850000e+002	45.528	1	1	0.0	1.000000e+000	1.000000e+000	1.000000e+000	2.000000e+001	0.8700E-02	0.9814E-01
97	-2.880000e+002	48.513	1	1	0.0	1.000000e+000	1.000000e+000	1.000000e+000	2.000000e+001	0.8671E-02	0.9784E-01
98	-2.910000e+002	51.497	1	1	0.0	1.000000e+000	1.000000e+000	1.000000e+000	2.000000e+001	0.8627E-02	0.9736E-01
99	-2.940000e+002	54.482	1	1	0.0	1.000000e+000	1.000000e+000	1.000000e+000	2.000000e+001	0.8554E-02	0.9658E-01
100	-2.970000e+002	57.467	1	1	0.0	1.000000e+000	1.000000e+000	1.000000e+000	2.000000e+001	0.8440E-02	0.9521E-01
101	-3.000000e+002	60.452	1	1	0.0	1.000000e+000	1.000000e+000	1.000000e+000	2.000000e+001	0.8440E-02	0.9346E-01
