Pcp_File_Version=4
    2
    1  0.000000e+000  1.000000e+000  1.000000e+000
    2 -3.000000e+002  1.000000e+000  1.000000e+000
  101    1    1    0 x         h      Mat  Lay      Beta           Axz            Bxz            Dxz          Temp          Conc            SConc
1	-0.000000e+000	-170.576	1	1	0.0	1.000000e+000	1.000000e+000	1.000000e+000	2.000000e+001	0.9042E-02	0.1024E+00
2	-3.000000e+000	-167.572	1	1	0.0	1.000000e+000	1.000000e+000	1.000000e+000	2.000000e+001	0.9196E-02	0.1037E+00
3	-6.000000e+000	-164.680	1	1	0.0	1.000000e+000	1.000000e+000	1.000000e+000	2.000000e+001	0.9299E-02	0.1050E+00
4	-9.000000e+000	-161.891	1	1	1.0	1.000000e+000	1.000000e+000	1.000000e+000	2.000000e+001	0.9350E-02	0.1058E+00
5	-1.200000e+001	-159.192	1	1	1.0	1.000000e+000	1.000000e+000	1.000000e+000	2.000000e+001	0.9361E-02	0.1061E+00
6	-1.500000e+001	-156.575	1	1	1.0	1.000000e+000	1.000000e+000	1.000000e+000	2.000000e+001	0.9323E-02	0.1055E+00
7	-1.800000e+001	-154.032	1	1	0.9821427761428578	1.000000e+000	1.000000e+000	1.000000e+000	2.000000e+001	0.9254E-02	0.1047E+00
8	-2.100000e+001	-151.556	1	1	0.8928571608571426	1.000000e+000	1.000000e+000	1.000000e+000	2.000000e+001	0.9172E-02	0.1036E+00
9	-2.400000e+001	-149.145	1	1	0.8035715455714276	1.000000e+000	1.000000e+000	1.000000e+000	2.000000e+001	0.9088E-02	0.1025E+00
10	-2.700000e+001	-146.786	1	1	0.7142856782857145	1.000000e+000	1.000000e+000	1.000000e+000	2.000000e+001	0.9017E-02	0.1017E+00
11	-3.000000e+001	-144.474	1	1	0.6250000629999994	1.000000e+000	1.000000e+000	1.000000e+000	2.000000e+001	0.8959E-02	0.1010E+00
12	-3.300000e+001	-142.203	1	1	0.5357141957142864	1.000000e+000	1.000000e+000	1.000000e+000	2.000000e+001	0.8913E-02	0.1005E+00
13	-3.600000e+001	-139.968	1	1	0.4464285804285713	1.000000e+000	1.000000e+000	1.000000e+000	2.000000e+001	0.8879E-02	0.1001E+00
14	-3.900000e+001	-137.766	1	1	0.35714296514285626	1.000000e+000	1.000000e+000	1.000000e+000	2.000000e+001	0.8855E-02	0.9984E-01
15	-4.200000e+001	-135.592	1	1	0.2678570978571432	1.000000e+000	1.000000e+000	1.000000e+000	2.000000e+001	0.8836E-02	0.9962E-01
16	-4.500000e+001	-133.444	1	1	0.17857148257142813	1.000000e+000	1.000000e+000	1.000000e+000	2.000000e+001	0.8822E-02	0.9947E-01
17	-4.800000e+001	-131.317	1	1	0.08928561528571508	1.000000e+000	1.000000e+000	1.000000e+000	2.000000e+001	0.8813E-02	0.9936E-01
18	-5.100000e+001	-129.211	1	1	0.0	1.000000e+000	1.000000e+000	1.000000e+000	2.000000e+001	0.8805E-02	0.9928E-01
19	-5.400000e+001	-127.122	1	1	0.0	1.000000e+000	1.000000e+000	1.000000e+000	2.000000e+001	0.8800E-02	0.9923E-01
20	-5.700000e+001	-125.048	1	1	0.0	1.000000e+000	1.000000e+000	1.000000e+000	2.000000e+001	0.8795E-02	0.9918E-01
21	-6.000000e+001	-122.986	1	1	0.0	1.000000e+000	1.000000e+000	1.000000e+000	2.000000e+001	0.8792E-02	0.9915E-01
22	-6.300000e+001	-120.935	1	1	0.0	1.000000e+000	1.000000e+000	1.000000e+000	2.000000e+001	0.8790E-02	0.9913E-01
23	-6.600000e+001	-118.888	1	1	0.0	1.000000e+000	1.000000e+000	1.000000e+000	2.000000e+001	0.8789E-02	0.9912E-01
24	-6.900000e+001	-116.837	1	1	0.0	1.000000e+000	1.000000e+000	1.000000e+000	2.000000e+001	0.8788E-02	0.9911E-01
25	-7.200000e+001	-114.781	1	1	0.0	1.000000e+000	1.000000e+000	1.000000e+000	2.000000e+001	0.8787E-02	0.9910E-01
26	-7.500000e+001	-112.718	1	1	0.0	1.000000e+000	1.000000e+000	1.000000e+000	2.000000e+001	0.8786E-02	0.9910E-01
27	-7.800000e+001	-110.648	1	1	0.0	1.000000e+000	1.000000e+000	1.000000e+000	2.000000e+001	0.8786E-02	0.9910E-01
28	-8.100000e+001	-108.571	1	1	0.0	1.000000e+000	1.000000e+000	1.000000e+000	2.000000e+001	0.8786E-02	0.9909E-01
29	-8.400000e+001	-106.485	1	1	0.0	1.000000e+000	1.000000e+000	1.000000e+000	2.000000e+001	0.8785E-02	0.9909E-01
30	-8.700000e+001	-104.390	1	1	0.0	1.000000e+000	1.000000e+000	1.000000e+000	2.000000e+001	0.8785E-02	0.9909E-01
31	-9.000000e+001	-102.287	1	1	0.0	1.000000e+000	1.000000e+000	1.000000e+000	2.000000e+001	0.8785E-02	0.9909E-01
32	-9.300000e+001	-100.174	1	1	0.0	1.000000e+000	1.000000e+000	1.000000e+000	2.000000e+001	0.8785E-02	0.9909E-01
33	-9.600000e+001	-98.052	1	1	0.0	1.000000e+000	1.000000e+000	1.000000e+000	2.000000e+001	0.8785E-02	0.9909E-01
34	-9.900000e+001	-95.920	1	1	0.0	1.000000e+000	1.000000e+000	1.000000e+000	2.000000e+001	0.8785E-02	0.9909E-01
35	-1.020000e+002	-93.773	1	1	0.0	1.000000e+000	1.000000e+000	1.000000e+000	2.000000e+001	0.8785E-02	0.9909E-01
36	-1.050000e+002	-91.606	1	1	0.0	1.000000e+000	1.000000e+000	1.000000e+000	2.000000e+001	0.8785E-02	0.9909E-01
37	-1.080000e+002	-89.419	1	1	0.0	1.000000e+000	1.000000e+000	1.000000e+000	2.000000e+001	0.8785E-02	0.9909E-01
38	-1.110000e+002	-87.211	1	1	0.0	1.000000e+000	1.000000e+000	1.000000e+000	2.000000e+001	0.8785E-02	0.9909E-01
39	-1.140000e+002	-84.984	1	1	0.0	1.000000e+000	1.000000e+000	1.000000e+000	2.000000e+001	0.8785E-02	0.9909E-01
40	-1.170000e+002	-82.739	1	1	0.0	1.000000e+000	1.000000e+000	1.000000e+000	2.000000e+001	0.8785E-02	0.9909E-01
41	-1.200000e+002	-80.476	1	1	0.0	1.000000e+000	1.000000e+000	1.000000e+000	2.000000e+001	0.8785E-02	0.9909E-01
42	-1.230000e+002	-78.196	1	1	0.0	1.000000e+000	1.000000e+000	1.000000e+000	2.000000e+001	0.8785E-02	0.9909E-01
43	-1.260000e+002	-75.900	1	1	0.0	1.000000e+000	1.000000e+000	1.000000e+000	2.000000e+001	0.8785E-02	0.9909E-01
44	-1.290000e+002	-73.583	1	1	0.0	1.000000e+000	1.000000e+000	1.000000e+000	2.000000e+001	0.8785E-02	0.9909E-01
45	-1.320000e+002	-71.243	1	1	0.0	1.000000e+000	1.000000e+000	1.000000e+000	2.000000e+001	0.8785E-02	0.9909E-01
46	-1.350000e+002	-68.879	1	1	0.0	1.000000e+000	1.000000e+000	1.000000e+000	2.000000e+001	0.8785E-02	0.9909E-01
47	-1.380000e+002	-66.494	1	1	0.0	1.000000e+000	1.000000e+000	1.000000e+000	2.000000e+001	0.8785E-02	0.9909E-01
48	-1.410000e+002	-64.089	1	1	0.0	1.000000e+000	1.000000e+000	1.000000e+000	2.000000e+001	0.8785E-02	0.9909E-01
49	-1.440000e+002	-61.665	1	1	0.0	1.000000e+000	1.000000e+000	1.000000e+000	2.000000e+001	0.8785E-02	0.9909E-01
50	-1.470000e+002	-59.222	1	1	0.0	1.000000e+000	1.000000e+000	1.000000e+000	2.000000e+001	0.8785E-02	0.9909E-01
51	-1.500000e+002	-56.758	1	1	0.0	1.000000e+000	1.000000e+000	1.000000e+000	2.000000e+001	0.8785E-02	0.9909E-01
52	-1.530000e+002	-54.270	1	1	0.0	1.000000e+000	1.000000e+000	1.000000e+000	2.000000e+001	0.8785E-02	0.9909E-01
53	-1.560000e+002	-51.762	1	1	0.0	1.000000e+000	1.000000e+000	1.000000e+000	2.000000e+001	0.8785E-02	0.9909E-01
54	-1.590000e+002	-49.235	1	1	0.0	1.000000e+000	1.000000e+000	1.000000e+000	2.000000e+001	0.8785E-02	0.9909E-01
55	-1.620000e+002	-46.689	1	1	0.0	1.000000e+000	1.000000e+000	1.000000e+000	2.000000e+001	0.8785E-02	0.9909E-01
56	-1.650000e+002	-44.122	1	1	0.0	1.000000e+000	1.000000e+000	1.000000e+000	2.000000e+001	0.8785E-02	0.9909E-01
57	-1.680000e+002	-41.535	1	1	0.0	1.000000e+000	1.000000e+000	1.000000e+000	2.000000e+001	0.8785E-02	0.9909E-01
58	-1.710000e+002	-38.930	1	1	0.0	1.000000e+000	1.000000e+000	1.000000e+000	2.000000e+001	0.8785E-02	0.9909E-01
59	-1.740000e+002	-36.306	1	1	0.0	1.000000e+000	1.000000e+000	1.000000e+000	2.000000e+001	0.8785E-02	0.9909E-01
60	-1.770000e+002	-33.663	1	1	0.0	1.000000e+000	1.000000e+000	1.000000e+000	2.000000e+001	0.8785E-02	0.9909E-01
61	-1.800000e+002	-31.002	1	1	0.0	1.000000e+000	1.000000e+000	1.000000e+000	2.000000e+001	0.8785E-02	0.9909E-01
62	-1.830000e+002	-28.324	1	1	0.0	1.000000e+000	1.000000e+000	1.000000e+000	2.000000e+001	0.8785E-02	0.9909E-01
63	-1.860000e+002	-25.628	1	1	0.0	1.000000e+000	1.000000e+000	1.000000e+000	2.000000e+001	0.8785E-02	0.9909E-01
64	-1.890000e+002	-22.915	1	1	0.0	1.000000e+000	1.000000e+000	1.000000e+000	2.000000e+001	0.8785E-02	0.9909E-01
65	-1.920000e+002	-20.185	1	1	0.0	1.000000e+000	1.000000e+000	1.000000e+000	2.000000e+001	0.8785E-02	0.9909E-01
66	-1.950000e+002	-17.439	1	1	0.0	1.000000e+000	1.000000e+000	1.000000e+000	2.000000e+001	0.8785E-02	0.9909E-01
67	-1.980000e+002	-14.677	1	1	0.0	1.000000e+000	1.000000e+000	1.000000e+000	2.000000e+001	0.8785E-02	0.9909E-01
68	-2.010000e+002	-11.899	1	1	0.0	1.000000e+000	1.000000e+000	1.000000e+000	2.000000e+001	0.8785E-02	0.9909E-01
69	-2.040000e+002	-9.105	1	1	0.0	1.000000e+000	1.000000e+000	1.000000e+000	2.000000e+001	0.8785E-02	0.9909E-01
70	-2.070000e+002	-6.294	1	1	0.0	1.000000e+000	1.000000e+000	1.000000e+000	2.000000e+001	0.8785E-02	0.9909E-01
71	-2.100000e+002	-3.466	1	1	0.0	1.000000e+000	1.000000e+000	1.000000e+000	2.000000e+001	0.8785E-02	0.9909E-01
72	-2.130000e+002	-0.618	1	1	0.0	1.000000e+000	1.000000e+000	1.000000e+000	2.000000e+001	0.8785E-02	0.9909E-01
73	-2.160000e+002	2.247	1	1	0.0	1.000000e+000	1.000000e+000	1.000000e+000	2.000000e+001	0.8785E-02	0.9909E-01
74	-2.190000e+002	5.117	1	1	0.0	1.000000e+000	1.000000e+000	1.000000e+000	2.000000e+001	0.8785E-02	0.9909E-01
75	-2.220000e+002	7.987	1	1	0.0	1.000000e+000	1.000000e+000	1.000000e+000	2.000000e+001	0.8784E-02	0.9908E-01
76	-2.250000e+002	10.858	1	1	0.0	1.000000e+000	1.000000e+000	1.000000e+000	2.000000e+001	0.8784E-02	0.9908E-01
77	-2.280000e+002	13.728	1	1	0.0	1.000000e+000	1.000000e+000	1.000000e+000	2.000000e+001	0.8783E-02	0.9907E-01
78	-2.310000e+002	16.598	1	1	0.0	1.000000e+000	1.000000e+000	1.000000e+000	2.000000e+001	0.8783E-02	0.9907E-01
79	-2.340000e+002	19.469	1	1	0.0	1.000000e+000	1.000000e+000	1.000000e+000	2.000000e+001	0.8782E-02	0.9906E-01
80	-2.370000e+002	22.339	1	1	0.0	1.000000e+000	1.000000e+000	1.000000e+000	2.000000e+001	0.8781E-02	0.9905E-01
81	-2.400000e+002	25.209	1	1	0.0	1.000000e+000	1.000000e+000	1.000000e+000	2.000000e+001	0.8780E-02	0.9904E-01
82	-2.430000e+002	28.079	1	1	0.0	1.000000e+000	1.000000e+000	1.000000e+000	2.000000e+001	0.8780E-02	0.9903E-01
83	-2.460000e+002	30.950	1	1	0.0	1.000000e+000	1.000000e+000	1.000000e+000	2.000000e+001	0.8778E-02	0.9902E-01
84	-2.490000e+002	33.820	1	1	0.0	1.000000e+000	1.000000e+000	1.000000e+000	2.000000e+001	0.8777E-02	0.9901E-01
85	-2.520000e+002	36.690	1	1	0.0	1.000000e+000	1.000000e+000	1.000000e+000	2.000000e+001	0.8776E-02	0.9899E-01
86	-2.550000e+002	39.561	1	1	0.0	1.000000e+000	1.000000e+000	1.000000e+000	2.000000e+001	0.8774E-02	0.9897E-01
87	-2.580000e+002	42.431	1	1	0.0	1.000000e+000	1.000000e+000	1.000000e+000	2.000000e+001	0.8772E-02	0.9895E-01
88	-2.610000e+002	45.301	1	1	0.0	1.000000e+000	1.000000e+000	1.000000e+000	2.000000e+001	0.8770E-02	0.9893E-01
89	-2.640000e+002	48.171	1	1	0.0	1.000000e+000	1.000000e+000	1.000000e+000	2.000000e+001	0.8768E-02	0.9891E-01
90	-2.670000e+002	51.042	1	1	0.0	1.000000e+000	1.000000e+000	1.000000e+000	2.000000e+001	0.8765E-02	0.9887E-01
91	-2.700000e+002	53.912	1	1	0.0	1.000000e+000	1.000000e+000	1.000000e+000	2.000000e+001	0.8762E-02	0.9884E-01
92	-2.730000e+002	56.782	1	1	0.0	1.000000e+000	1.000000e+000	1.000000e+000	2.000000e+001	0.8757E-02	0.9879E-01
93	-2.760000e+002	59.653	1	1	0.0	1.000000e+000	1.000000e+000	1.000000e+000	2.000000e+001	0.8753E-02	0.9874E-01
94	-2.790000e+002	62.523	1	1	0.0	1.000000e+000	1.000000e+000	1.000000e+000	2.000000e+001	0.8747E-02	0.9868E-01
95	-2.820000e+002	65.393	1	1	0.0	1.000000e+000	1.000000e+000	1.000000e+000	2.000000e+001	0.8739E-02	0.9860E-01
96	-2.850000e+002	68.263	1	1	0.0	1.000000e+000	1.000000e+000	1.000000e+000	2.000000e+001	0.8731E-02	0.9851E-01
97	-2.880000e+002	71.134	1	1	0.0	1.000000e+000	1.000000e+000	1.000000e+000	2.000000e+001	0.8720E-02	0.9840E-01
98	-2.910000e+002	74.004	1	1	0.0	1.000000e+000	1.000000e+000	1.000000e+000	2.000000e+001	0.8708E-02	0.9825E-01
99	-2.940000e+002	76.874	1	1	0.0	1.000000e+000	1.000000e+000	1.000000e+000	2.000000e+001	0.8694E-02	0.9805E-01
100	-2.970000e+002	79.744	1	1	0.0	1.000000e+000	1.000000e+000	1.000000e+000	2.000000e+001	0.8680E-02	0.9765E-01
101	-3.000000e+002	82.615	1	1	0.0	1.000000e+000	1.000000e+000	1.000000e+000	2.000000e+001	0.8680E-02	0.9677E-01
    3
    1    8   14
