1	-0.000000e+000	-215.989	1	1	0.0	1.000000e+000	1.000000e+000	1.000000e+000	2.000000e+001	0.8580E-02	0.9643E-01
2	-3.000000e+000	-212.953	1	1	0.0	1.000000e+000	1.000000e+000	1.000000e+000	2.000000e+001	0.8696E-02	0.9836E-01
3	-6.000000e+000	-209.955	1	1	0.0	1.000000e+000	1.000000e+000	1.000000e+000	2.000000e+001	0.8901E-02	0.1004E+00
4	-9.000000e+000	-206.992	1	1	1.0	1.000000e+000	1.000000e+000	1.000000e+000	2.000000e+001	0.9037E-02	0.1021E+00
5	-1.200000e+001	-204.047	1	1	1.0	1.000000e+000	1.000000e+000	1.000000e+000	2.000000e+001	0.9121E-02	0.1030E+00
6	-1.500000e+001	-201.117	1	1	1.0	1.000000e+000	1.000000e+000	1.000000e+000	2.000000e+001	0.9148E-02	0.1033E+00
7	-1.800000e+001	-198.201	1	1	1.0	1.000000e+000	1.000000e+000	1.000000e+000	2.000000e+001	0.9138E-02	0.1032E+00
8	-2.100000e+001	-195.300	1	1	1.0	1.000000e+000	1.000000e+000	1.000000e+000	2.000000e+001	0.9103E-02	0.1028E+00
9	-2.400000e+001	-192.411	1	1	0.9659087624091527	1.000000e+000	1.000000e+000	1.000000e+000	2.000000e+001	0.9052E-02	0.1022E+00
10	-2.700000e+001	-189.536	1	1	0.9090906930909497	1.000000e+000	1.000000e+000	1.000000e+000	2.000000e+001	0.9007E-02	0.1017E+00
11	-3.000000e+001	-186.678	1	1	0.8522726237727467	1.000000e+000	1.000000e+000	1.000000e+000	2.000000e+001	0.8957E-02	0.1011E+00
12	-3.300000e+001	-183.835	1	1	0.7954545544545438	1.000000e+000	1.000000e+000	1.000000e+000	2.000000e+001	0.8920E-02	0.1007E+00
13	-3.600000e+001	-181.008	1	1	0.7386360891364153	1.000000e+000	1.000000e+000	1.000000e+000	2.000000e+001	0.8886E-02	0.1003E+00
14	-3.900000e+001	-178.196	1	1	0.6818180198182123	1.000000e+000	1.000000e+000	1.000000e+000	2.000000e+001	0.8861E-02	0.1000E+00
15	-4.200000e+001	-175.401	1	1	0.6249999505000093	1.000000e+000	1.000000e+000	1.000000e+000	2.000000e+001	0.8846E-02	0.9987E-01
16	-4.500000e+001	-172.623	1	1	0.5681818811818063	1.000000e+000	1.000000e+000	1.000000e+000	2.000000e+001	0.8830E-02	0.9968E-01
17	-4.800000e+001	-169.861	1	1	0.5113634158636778	1.000000e+000	1.000000e+000	1.000000e+000	2.000000e+001	0.8817E-02	0.9952E-01
18	-5.100000e+001	-167.115	1	1	0.45454534654547485	1.000000e+000	1.000000e+000	1.000000e+000	2.000000e+001	0.8807E-02	0.9941E-01
19	-5.400000e+001	-164.386	1	1	0.3977272772272719	1.000000e+000	1.000000e+000	1.000000e+000	2.000000e+001	0.8799E-02	0.9932E-01
20	-5.700000e+001	-161.675	1	1	0.3409092079090689	1.000000e+000	1.000000e+000	1.000000e+000	2.000000e+001	0.8794E-02	0.9925E-01
21	-6.000000e+001	-158.979	1	1	0.2840907425909404	1.000000e+000	1.000000e+000	1.000000e+000	2.000000e+001	0.8789E-02	0.9920E-01
22	-6.300000e+001	-156.301	1	1	0.22727267327273742	1.000000e+000	1.000000e+000	1.000000e+000	2.000000e+001	0.8785E-02	0.9916E-01
23	-6.600000e+001	-153.639	1	1	0.17045460395453446	1.000000e+000	1.000000e+000	1.000000e+000	2.000000e+001	0.8784E-02	0.9914E-01
24	-6.900000e+001	-150.993	1	1	0.11363653463633148	1.000000e+000	1.000000e+000	1.000000e+000	2.000000e+001	0.8783E-02	0.9912E-01
25	-7.200000e+001	-148.362	1	1	0.05681806931820297	1.000000e+000	1.000000e+000	1.000000e+000	2.000000e+001	0.8782E-02	0.9910E-01
26	-7.500000e+001	-145.741	1	1	0.0	1.000000e+000	1.000000e+000	1.000000e+000	2.000000e+001	0.8781E-02	0.9910E-01
27	-7.800000e+001	-143.129	1	1	0.0	1.000000e+000	1.000000e+000	1.000000e+000	2.000000e+001	0.8782E-02	0.9910E-01
28	-8.100000e+001	-140.526	1	1	0.0	1.000000e+000	1.000000e+000	1.000000e+000	2.000000e+001	0.8781E-02	0.9909E-01
29	-8.400000e+001	-137.931	1	1	0.0	1.000000e+000	1.000000e+000	1.000000e+000	2.000000e+001	0.8782E-02	0.9909E-01
30	-8.700000e+001	-135.342	1	1	0.0	1.000000e+000	1.000000e+000	1.000000e+000	2.000000e+001	0.8782E-02	0.9909E-01
31	-9.000000e+001	-132.759	1	1	0.0	1.000000e+000	1.000000e+000	1.000000e+000	2.000000e+001	0.8782E-02	0.9909E-01
32	-9.300000e+001	-130.181	1	1	0.0	1.000000e+000	1.000000e+000	1.000000e+000	2.000000e+001	0.8782E-02	0.9909E-01
33	-9.600000e+001	-127.607	1	1	0.0	1.000000e+000	1.000000e+000	1.000000e+000	2.000000e+001	0.8783E-02	0.9909E-01
34	-9.900000e+001	-125.037	1	1	0.0	1.000000e+000	1.000000e+000	1.000000e+000	2.000000e+001	0.8783E-02	0.9909E-01
35	-1.020000e+002	-122.469	1	1	0.0	1.000000e+000	1.000000e+000	1.000000e+000	2.000000e+001	0.8783E-02	0.9909E-01
36	-1.050000e+002	-119.903	1	1	0.0	1.000000e+000	1.000000e+000	1.000000e+000	2.000000e+001	0.8783E-02	0.9909E-01
37	-1.080000e+002	-117.334	1	1	0.0	1.000000e+000	1.000000e+000	1.000000e+000	2.000000e+001	0.8783E-02	0.9909E-01
38	-1.110000e+002	-114.760	1	1	0.0	1.000000e+000	1.000000e+000	1.000000e+000	2.000000e+001	0.8784E-02	0.9909E-01
39	-1.140000e+002	-112.179	1	1	0.0	1.000000e+000	1.000000e+000	1.000000e+000	2.000000e+001	0.8784E-02	0.9909E-01
40	-1.170000e+002	-109.593	1	1	0.0	1.000000e+000	1.000000e+000	1.000000e+000	2.000000e+001	0.8784E-02	0.9909E-01
41	-1.200000e+002	-107.001	1	1	0.0	1.000000e+000	1.000000e+000	1.000000e+000	2.000000e+001	0.8784E-02	0.9909E-01
42	-1.230000e+002	-104.403	1	1	0.0	1.000000e+000	1.000000e+000	1.000000e+000	2.000000e+001	0.8784E-02	0.9909E-01
43	-1.260000e+002	-101.799	1	1	0.0	1.000000e+000	1.000000e+000	1.000000e+000	2.000000e+001	0.8784E-02	0.9909E-01
44	-1.290000e+002	-99.189	1	1	0.0	1.000000e+000	1.000000e+000	1.000000e+000	2.000000e+001	0.8784E-02	0.9909E-01
45	-1.320000e+002	-96.574	1	1	0.0	1.000000e+000	1.000000e+000	1.000000e+000	2.000000e+001	0.8784E-02	0.9909E-01
46	-1.350000e+002	-93.951	1	1	0.0	1.000000e+000	1.000000e+000	1.000000e+000	2.000000e+001	0.8784E-02	0.9909E-01
47	-1.380000e+002	-91.317	1	1	0.0	1.000000e+000	1.000000e+000	1.000000e+000	2.000000e+001	0.8785E-02	0.9909E-01
48	-1.410000e+002	-88.672	1	1	0.0	1.000000e+000	1.000000e+000	1.000000e+000	2.000000e+001	0.8785E-02	0.9909E-01
49	-1.440000e+002	-86.017	1	1	0.0	1.000000e+000	1.000000e+000	1.000000e+000	2.000000e+001	0.8785E-02	0.9909E-01
50	-1.470000e+002	-83.352	1	1	0.0	1.000000e+000	1.000000e+000	1.000000e+000	2.000000e+001	0.8785E-02	0.9909E-01
51	-1.500000e+002	-80.677	1	1	0.0	1.000000e+000	1.000000e+000	1.000000e+000	2.000000e+001	0.8785E-02	0.9909E-01
52	-1.530000e+002	-77.993	1	1	0.0	1.000000e+000	1.000000e+000	1.000000e+000	2.000000e+001	0.8785E-02	0.9909E-01
53	-1.560000e+002	-75.301	1	1	0.0	1.000000e+000	1.000000e+000	1.000000e+000	2.000000e+001	0.8785E-02	0.9909E-01
54	-1.590000e+002	-72.597	1	1	0.0	1.000000e+000	1.000000e+000	1.000000e+000	2.000000e+001	0.8785E-02	0.9909E-01
55	-1.620000e+002	-69.882	1	1	0.0	1.000000e+000	1.000000e+000	1.000000e+000	2.000000e+001	0.8785E-02	0.9909E-01
56	-1.650000e+002	-67.156	1	1	0.0	1.000000e+000	1.000000e+000	1.000000e+000	2.000000e+001	0.8785E-02	0.9909E-01
57	-1.680000e+002	-64.419	1	1	0.0	1.000000e+000	1.000000e+000	1.000000e+000	2.000000e+001	0.8785E-02	0.9909E-01
58	-1.710000e+002	-61.672	1	1	0.0	1.000000e+000	1.000000e+000	1.000000e+000	2.000000e+001	0.8785E-02	0.9909E-01
59	-1.740000e+002	-58.917	1	1	0.0	1.000000e+000	1.000000e+000	1.000000e+000	2.000000e+001	0.8785E-02	0.9909E-01
60	-1.770000e+002	-56.150	1	1	0.0	1.000000e+000	1.000000e+000	1.000000e+000	2.000000e+001	0.8785E-02	0.9909E-01
61	-1.800000e+002	-53.373	1	1	0.0	1.000000e+000	1.000000e+000	1.000000e+000	2.000000e+001	0.8785E-02	0.9909E-01
62	-1.830000e+002	-50.585	1	1	0.0	1.000000e+000	1.000000e+000	1.000000e+000	2.000000e+001	0.8785E-02	0.9909E-01
63	-1.860000e+002	-47.789	1	1	0.0	1.000000e+000	1.000000e+000	1.000000e+000	2.000000e+001	0.8785E-02	0.9909E-01
64	-1.890000e+002	-44.983	1	1	0.0	1.000000e+000	1.000000e+000	1.000000e+000	2.000000e+001	0.8785E-02	0.9909E-01
65	-1.920000e+002	-42.168	1	1	0.0	1.000000e+000	1.000000e+000	1.000000e+000	2.000000e+001	0.8785E-02	0.9909E-01
66	-1.950000e+002	-39.343	1	1	0.0	1.000000e+000	1.000000e+000	1.000000e+000	2.000000e+001	0.8785E-02	0.9909E-01
67	-1.980000e+002	-36.509	1	1	0.0	1.000000e+000	1.000000e+000	1.000000e+000	2.000000e+001	0.8785E-02	0.9909E-01
68	-2.010000e+002	-33.667	1	1	0.0	1.000000e+000	1.000000e+000	1.000000e+000	2.000000e+001	0.8785E-02	0.9909E-01
69	-2.040000e+002	-30.816	1	1	0.0	1.000000e+000	1.000000e+000	1.000000e+000	2.000000e+001	0.8785E-02	0.9909E-01
70	-2.070000e+002	-27.956	1	1	0.0	1.000000e+000	1.000000e+000	1.000000e+000	2.000000e+001	0.8785E-02	0.9909E-01
71	-2.100000e+002	-25.089	1	1	0.0	1.000000e+000	1.000000e+000	1.000000e+000	2.000000e+001	0.8785E-02	0.9909E-01
72	-2.130000e+002	-22.213	1	1	0.0	1.000000e+000	1.000000e+000	1.000000e+000	2.000000e+001	0.8785E-02	0.9909E-01
73	-2.160000e+002	-19.330	1	1	0.0	1.000000e+000	1.000000e+000	1.000000e+000	2.000000e+001	0.8785E-02	0.9909E-01
74	-2.190000e+002	-16.440	1	1	0.0	1.000000e+000	1.000000e+000	1.000000e+000	2.000000e+001	0.8785E-02	0.9909E-01
75	-2.220000e+002	-13.541	1	1	0.0	1.000000e+000	1.000000e+000	1.000000e+000	2.000000e+001	0.8784E-02	0.9908E-01
76	-2.250000e+002	-10.636	1	1	0.0	1.000000e+000	1.000000e+000	1.000000e+000	2.000000e+001	0.8784E-02	0.9908E-01
77	-2.280000e+002	-7.723	1	1	0.0	1.000000e+000	1.000000e+000	1.000000e+000	2.000000e+001	0.8783E-02	0.9907E-01
78	-2.310000e+002	-4.803	1	1	0.0	1.000000e+000	1.000000e+000	1.000000e+000	2.000000e+001	0.8783E-02	0.9907E-01
79	-2.340000e+002	-1.874	1	1	0.0	1.000000e+000	1.000000e+000	1.000000e+000	2.000000e+001	0.8782E-02	0.9906E-01
80	-2.370000e+002	1.065	1	1	0.0	1.000000e+000	1.000000e+000	1.000000e+000	2.000000e+001	0.8781E-02	0.9905E-01
81	-2.400000e+002	4.008	1	1	0.0	1.000000e+000	1.000000e+000	1.000000e+000	2.000000e+001	0.8781E-02	0.9904E-01
82	-2.430000e+002	6.950	1	1	0.0	1.000000e+000	1.000000e+000	1.000000e+000	2.000000e+001	0.8780E-02	0.9903E-01
83	-2.460000e+002	9.893	1	1	0.0	1.000000e+000	1.000000e+000	1.000000e+000	2.000000e+001	0.8779E-02	0.9902E-01
84	-2.490000e+002	12.836	1	1	0.0	1.000000e+000	1.000000e+000	1.000000e+000	2.000000e+001	0.8778E-02	0.9901E-01
85	-2.520000e+002	15.779	1	1	0.0	1.000000e+000	1.000000e+000	1.000000e+000	2.000000e+001	0.8776E-02	0.9899E-01
86	-2.550000e+002	18.722	1	1	0.0	1.000000e+000	1.000000e+000	1.000000e+000	2.000000e+001	0.8774E-02	0.9897E-01
87	-2.580000e+002	21.665	1	1	0.0	1.000000e+000	1.000000e+000	1.000000e+000	2.000000e+001	0.8773E-02	0.9895E-01
88	-2.610000e+002	24.608	1	1	0.0	1.000000e+000	1.000000e+000	1.000000e+000	2.000000e+001	0.8771E-02	0.9893E-01
89	-2.640000e+002	27.551	1	1	0.0	1.000000e+000	1.000000e+000	1.000000e+000	2.000000e+001	0.8768E-02	0.9891E-01
90	-2.670000e+002	30.494	1	1	0.0	1.000000e+000	1.000000e+000	1.000000e+000	2.000000e+001	0.8765E-02	0.9887E-01
91	-2.700000e+002	33.437	1	1	0.0	1.000000e+000	1.000000e+000	1.000000e+000	2.000000e+001	0.8762E-02	0.9884E-01
92	-2.730000e+002	36.380	1	1	0.0	1.000000e+000	1.000000e+000	1.000000e+000	2.000000e+001	0.8758E-02	0.9879E-01
93	-2.760000e+002	39.323	1	1	0.0	1.000000e+000	1.000000e+000	1.000000e+000	2.000000e+001	0.8752E-02	0.9873E-01
94	-2.790000e+002	42.266	1	1	0.0	1.000000e+000	1.000000e+000	1.000000e+000	2.000000e+001	0.8746E-02	0.9866E-01
95	-2.820000e+002	45.209	1	1	0.0	1.000000e+000	1.000000e+000	1.000000e+000	2.000000e+001	0.8738E-02	0.9858E-01
96	-2.850000e+002	48.152	1	1	0.0	1.000000e+000	1.000000e+000	1.000000e+000	2.000000e+001	0.8729E-02	0.9847E-01
97	-2.880000e+002	51.095	1	1	0.0	1.000000e+000	1.000000e+000	1.000000e+000	2.000000e+001	0.8717E-02	0.9834E-01
98	-2.910000e+002	54.038	1	1	0.0	1.000000e+000	1.000000e+000	1.000000e+000	2.000000e+001	0.8703E-02	0.9819E-01
99	-2.940000e+002	56.981	1	1	0.0	1.000000e+000	1.000000e+000	1.000000e+000	2.000000e+001	0.8687E-02	0.9799E-01
100	-2.970000e+002	59.924	1	1	0.0	1.000000e+000	1.000000e+000	1.000000e+000	2.000000e+001	0.8671E-02	0.9768E-01
101	-3.000000e+002	62.867	1	1	0.0	1.000000e+000	1.000000e+000	1.000000e+000	2.000000e+001	0.8671E-02	0.9706E-01
