1	-0.000000e+000	-217.111	1	1	0.0	1.000000e+000	1.000000e+000	1.000000e+000	2.000000e+001	0.9855E-03	0.1220E+00
2	-3.000000e+000	-214.096	1	1	0.0	1.000000e+000	1.000000e+000	1.000000e+000	2.000000e+001	0.9982E-03	0.1232E+00
3	-6.000000e+000	-211.101	1	1	0.0	1.000000e+000	1.000000e+000	1.000000e+000	2.000000e+001	0.9617E-03	0.1177E+00
4	-9.000000e+000	-208.124	1	1	1.0	1.000000e+000	1.000000e+000	1.000000e+000	2.000000e+001	0.9760E-03	0.1182E+00
5	-1.200000e+001	-205.155	1	1	1.0	1.000000e+000	1.000000e+000	1.000000e+000	2.000000e+001	0.9757E-03	0.1173E+00
6	-1.500000e+001	-202.193	1	1	1.0	1.000000e+000	1.000000e+000	1.000000e+000	2.000000e+001	0.9677E-03	0.1161E+00
7	-1.800000e+001	-199.237	1	1	1.0	1.000000e+000	1.000000e+000	1.000000e+000	2.000000e+001	0.9525E-03	0.1143E+00
8	-2.100000e+001	-196.286	1	1	1.0	1.000000e+000	1.000000e+000	1.000000e+000	2.000000e+001	0.9350E-03	0.1122E+00
9	-2.400000e+001	-193.340	1	1	0.9895831848333453	1.000000e+000	1.000000e+000	1.000000e+000	2.000000e+001	0.9192E-03	0.1103E+00
10	-2.700000e+001	-190.400	1	1	0.9374999730000022	1.000000e+000	1.000000e+000	1.000000e+000	2.000000e+001	0.9058E-03	0.1087E+00
11	-3.000000e+001	-187.466	1	1	0.885416761166659	1.000000e+000	1.000000e+000	1.000000e+000	2.000000e+001	0.8950E-03	0.1074E+00
12	-3.300000e+001	-184.538	1	1	0.8333331173333507	1.000000e+000	1.000000e+000	1.000000e+000	2.000000e+001	0.8884E-03	0.1066E+00
13	-3.600000e+001	-181.617	1	1	0.7812499055000076	1.000000e+000	1.000000e+000	1.000000e+000	2.000000e+001	0.8850E-03	0.1062E+00
14	-3.900000e+001	-178.704	1	1	0.7291666936666645	1.000000e+000	1.000000e+000	1.000000e+000	2.000000e+001	0.8834E-03	0.1060E+00
15	-4.200000e+001	-175.797	1	1	0.6770834818333215	1.000000e+000	1.000000e+000	1.000000e+000	2.000000e+001	0.8833E-03	0.1060E+00
16	-4.500000e+001	-172.897	1	1	0.624999838000013	1.000000e+000	1.000000e+000	1.000000e+000	2.000000e+001	0.8833E-03	0.1060E+00
17	-4.800000e+001	-170.005	1	1	0.5729166261666699	1.000000e+000	1.000000e+000	1.000000e+000	2.000000e+001	0.8833E-03	0.1060E+00
18	-5.100000e+001	-167.120	1	1	0.5208334143333269	1.000000e+000	1.000000e+000	1.000000e+000	2.000000e+001	0.8833E-03	0.1060E+00
19	-5.400000e+001	-164.243	1	1	0.46874977050001837	1.000000e+000	1.000000e+000	1.000000e+000	2.000000e+001	0.8833E-03	0.1060E+00
20	-5.700000e+001	-161.374	1	1	0.41666655866667535	1.000000e+000	1.000000e+000	1.000000e+000	2.000000e+001	0.8833E-03	0.1060E+00
21	-6.000000e+001	-158.512	1	1	0.36458334683333227	1.000000e+000	1.000000e+000	1.000000e+000	2.000000e+001	0.8833E-03	0.1060E+00
22	-6.300000e+001	-155.658	1	1	0.31250013499998924	1.000000e+000	1.000000e+000	1.000000e+000	2.000000e+001	0.8833E-03	0.1060E+00
23	-6.600000e+001	-152.812	1	1	0.26041649116668075	1.000000e+000	1.000000e+000	1.000000e+000	2.000000e+001	0.8833E-03	0.1060E+00
24	-6.900000e+001	-149.973	1	1	0.20833327933333767	1.000000e+000	1.000000e+000	1.000000e+000	2.000000e+001	0.8833E-03	0.1060E+00
25	-7.200000e+001	-147.140	1	1	0.15625006749999462	1.000000e+000	1.000000e+000	1.000000e+000	2.000000e+001	0.8833E-03	0.1060E+00
26	-7.500000e+001	-144.312	1	1	0.10416685566665156	1.000000e+000	1.000000e+000	1.000000e+000	2.000000e+001	0.8833E-03	0.1060E+00
27	-7.800000e+001	-141.490	1	1	0.05208321183334306	1.000000e+000	1.000000e+000	1.000000e+000	2.000000e+001	0.8833E-03	0.1060E+00
28	-8.100000e+001	-138.672	1	1	0.0	1.000000e+000	1.000000e+000	1.000000e+000	2.000000e+001	0.8833E-03	0.1060E+00
29	-8.400000e+001	-135.858	1	1	0.0	1.000000e+000	1.000000e+000	1.000000e+000	2.000000e+001	0.8833E-03	0.1060E+00
30	-8.700000e+001	-133.048	1	1	0.0	1.000000e+000	1.000000e+000	1.000000e+000	2.000000e+001	0.8833E-03	0.1060E+00
31	-9.000000e+001	-130.242	1	1	0.0	1.000000e+000	1.000000e+000	1.000000e+000	2.000000e+001	0.8833E-03	0.1060E+00
32	-9.300000e+001	-127.439	1	1	0.0	1.000000e+000	1.000000e+000	1.000000e+000	2.000000e+001	0.8833E-03	0.1060E+00
33	-9.600000e+001	-124.639	1	1	0.0	1.000000e+000	1.000000e+000	1.000000e+000	2.000000e+001	0.8833E-03	0.1060E+00
34	-9.900000e+001	-121.840	1	1	0.0	1.000000e+000	1.000000e+000	1.000000e+000	2.000000e+001	0.8833E-03	0.1060E+00
35	-1.020000e+002	-119.043	1	1	0.0	1.000000e+000	1.000000e+000	1.000000e+000	2.000000e+001	0.8833E-03	0.1060E+00
36	-1.050000e+002	-116.245	1	1	0.0	1.000000e+000	1.000000e+000	1.000000e+000	2.000000e+001	0.8833E-03	0.1060E+00
37	-1.080000e+002	-113.444	1	1	0.0	1.000000e+000	1.000000e+000	1.000000e+000	2.000000e+001	0.8833E-03	0.1060E+00
38	-1.110000e+002	-110.642	1	1	0.0	1.000000e+000	1.000000e+000	1.000000e+000	2.000000e+001	0.8833E-03	0.1060E+00
39	-1.140000e+002	-107.837	1	1	0.0	1.000000e+000	1.000000e+000	1.000000e+000	2.000000e+001	0.8833E-03	0.1060E+00
40	-1.170000e+002	-105.029	1	1	0.0	1.000000e+000	1.000000e+000	1.000000e+000	2.000000e+001	0.8833E-03	0.1060E+00
41	-1.200000e+002	-102.220	1	1	0.0	1.000000e+000	1.000000e+000	1.000000e+000	2.000000e+001	0.8833E-03	0.1060E+00
42	-1.230000e+002	-99.408	1	1	0.0	1.000000e+000	1.000000e+000	1.000000e+000	2.000000e+001	0.8833E-03	0.1060E+00
43	-1.260000e+002	-96.594	1	1	0.0	1.000000e+000	1.000000e+000	1.000000e+000	2.000000e+001	0.8833E-03	0.1060E+00
44	-1.290000e+002	-93.776	1	1	0.0	1.000000e+000	1.000000e+000	1.000000e+000	2.000000e+001	0.8833E-03	0.1060E+00
45	-1.320000e+002	-90.953	1	1	0.0	1.000000e+000	1.000000e+000	1.000000e+000	2.000000e+001	0.8833E-03	0.1060E+00
46	-1.350000e+002	-88.125	1	1	0.0	1.000000e+000	1.000000e+000	1.000000e+000	2.000000e+001	0.8833E-03	0.1060E+00
47	-1.380000e+002	-85.292	1	1	0.0	1.000000e+000	1.000000e+000	1.000000e+000	2.000000e+001	0.8833E-03	0.1060E+00
48	-1.410000e+002	-82.455	1	1	0.0	1.000000e+000	1.000000e+000	1.000000e+000	2.000000e+001	0.8833E-03	0.1060E+00
49	-1.440000e+002	-79.613	1	1	0.0	1.000000e+000	1.000000e+000	1.000000e+000	2.000000e+001	0.8833E-03	0.1060E+00
50	-1.470000e+002	-76.767	1	1	0.0	1.000000e+000	1.000000e+000	1.000000e+000	2.000000e+001	0.8833E-03	0.1060E+00
51	-1.500000e+002	-73.916	1	1	0.0	1.000000e+000	1.000000e+000	1.000000e+000	2.000000e+001	0.8833E-03	0.1060E+00
52	-1.530000e+002	-71.060	1	1	0.0	1.000000e+000	1.000000e+000	1.000000e+000	2.000000e+001	0.8833E-03	0.1060E+00
53	-1.560000e+002	-68.197	1	1	0.0	1.000000e+000	1.000000e+000	1.000000e+000	2.000000e+001	0.8833E-03	0.1060E+00
54	-1.590000e+002	-65.330	1	1	0.0	1.000000e+000	1.000000e+000	1.000000e+000	2.000000e+001	0.8833E-03	0.1060E+00
55	-1.620000e+002	-62.458	1	1	0.0	1.000000e+000	1.000000e+000	1.000000e+000	2.000000e+001	0.8833E-03	0.1060E+00
56	-1.650000e+002	-59.581	1	1	0.0	1.000000e+000	1.000000e+000	1.000000e+000	2.000000e+001	0.8833E-03	0.1060E+00
57	-1.680000e+002	-56.699	1	1	0.0	1.000000e+000	1.000000e+000	1.000000e+000	2.000000e+001	0.8833E-03	0.1060E+00
58	-1.710000e+002	-53.811	1	1	0.0	1.000000e+000	1.000000e+000	1.000000e+000	2.000000e+001	0.8833E-03	0.1060E+00
59	-1.740000e+002	-50.919	1	1	0.0	1.000000e+000	1.000000e+000	1.000000e+000	2.000000e+001	0.8833E-03	0.1060E+00
60	-1.770000e+002	-48.021	1	1	0.0	1.000000e+000	1.000000e+000	1.000000e+000	2.000000e+001	0.8833E-03	0.1060E+00
61	-1.800000e+002	-45.119	1	1	0.0	1.000000e+000	1.000000e+000	1.000000e+000	2.000000e+001	0.8833E-03	0.1060E+00
62	-1.830000e+002	-42.212	1	1	0.0	1.000000e+000	1.000000e+000	1.000000e+000	2.000000e+001	0.8833E-03	0.1060E+00
63	-1.860000e+002	-39.301	1	1	0.0	1.000000e+000	1.000000e+000	1.000000e+000	2.000000e+001	0.8833E-03	0.1060E+00
64	-1.890000e+002	-36.384	1	1	0.0	1.000000e+000	1.000000e+000	1.000000e+000	2.000000e+001	0.8833E-03	0.1060E+00
65	-1.920000e+002	-33.464	1	1	0.0	1.000000e+000	1.000000e+000	1.000000e+000	2.000000e+001	0.8833E-03	0.1060E+00
66	-1.950000e+002	-30.539	1	1	0.0	1.000000e+000	1.000000e+000	1.000000e+000	2.000000e+001	0.8833E-03	0.1060E+00
67	-1.980000e+002	-27.610	1	1	0.0	1.000000e+000	1.000000e+000	1.000000e+000	2.000000e+001	0.8833E-03	0.1060E+00
68	-2.010000e+002	-24.676	1	1	0.0	1.000000e+000	1.000000e+000	1.000000e+000	2.000000e+001	0.8833E-03	0.1060E+00
69	-2.040000e+002	-21.739	1	1	0.0	1.000000e+000	1.000000e+000	1.000000e+000	2.000000e+001	0.8833E-03	0.1060E+00
70	-2.070000e+002	-18.798	1	1	0.0	1.000000e+000	1.000000e+000	1.000000e+000	2.000000e+001	0.8833E-03	0.1060E+00
71	-2.100000e+002	-15.852	1	1	0.0	1.000000e+000	1.000000e+000	1.000000e+000	2.000000e+001	0.8833E-03	0.1060E+00
72	-2.130000e+002	-12.903	1	1	0.0	1.000000e+000	1.000000e+000	1.000000e+000	2.000000e+001	0.8833E-03	0.1060E+00
73	-2.160000e+002	-9.951	1	1	0.0	1.000000e+000	1.000000e+000	1.000000e+000	2.000000e+001	0.8833E-03	0.1060E+00
74	-2.190000e+002	-6.994	1	1	0.0	1.000000e+000	1.000000e+000	1.000000e+000	2.000000e+001	0.8833E-03	0.1060E+00
75	-2.220000e+002	-4.033	1	1	0.0	1.000000e+000	1.000000e+000	1.000000e+000	2.000000e+001	0.8833E-03	0.1060E+00
76	-2.250000e+002	-1.068	1	1	0.0	1.000000e+000	1.000000e+000	1.000000e+000	2.000000e+001	0.8833E-03	0.1060E+00
77	-2.280000e+002	1.901	1	1	0.0	1.000000e+000	1.000000e+000	1.000000e+000	2.000000e+001	0.8833E-03	0.1060E+00
78	-2.310000e+002	4.872	1	1	0.0	1.000000e+000	1.000000e+000	1.000000e+000	2.000000e+001	0.8833E-03	0.1060E+00
79	-2.340000e+002	7.843	1	1	0.0	1.000000e+000	1.000000e+000	1.000000e+000	2.000000e+001	0.8833E-03	0.1060E+00
80	-2.370000e+002	10.814	1	1	0.0	1.000000e+000	1.000000e+000	1.000000e+000	2.000000e+001	0.8833E-03	0.1060E+00
81	-2.400000e+002	13.785	1	1	0.0	1.000000e+000	1.000000e+000	1.000000e+000	2.000000e+001	0.8833E-03	0.1060E+00
82	-2.430000e+002	16.756	1	1	0.0	1.000000e+000	1.000000e+000	1.000000e+000	2.000000e+001	0.8833E-03	0.1060E+00
83	-2.460000e+002	19.727	1	1	0.0	1.000000e+000	1.000000e+000	1.000000e+000	2.000000e+001	0.8833E-03	0.1060E+00
84	-2.490000e+002	22.698	1	1	0.0	1.000000e+000	1.000000e+000	1.000000e+000	2.000000e+001	0.8833E-03	0.1060E+00
85	-2.520000e+002	25.669	1	1	0.0	1.000000e+000	1.000000e+000	1.000000e+000	2.000000e+001	0.8833E-03	0.1060E+00
86	-2.550000e+002	28.640	1	1	0.0	1.000000e+000	1.000000e+000	1.000000e+000	2.000000e+001	0.8833E-03	0.1060E+00
87	-2.580000e+002	31.611	1	1	0.0	1.000000e+000	1.000000e+000	1.000000e+000	2.000000e+001	0.8833E-03	0.1060E+00
88	-2.610000e+002	34.582	1	1	0.0	1.000000e+000	1.000000e+000	1.000000e+000	2.000000e+001	0.8833E-03	0.1060E+00
89	-2.640000e+002	37.553	1	1	0.0	1.000000e+000	1.000000e+000	1.000000e+000	2.000000e+001	0.8833E-03	0.1060E+00
90	-2.670000e+002	40.523	1	1	0.0	1.000000e+000	1.000000e+000	1.000000e+000	2.000000e+001	0.8833E-03	0.1060E+00
91	-2.700000e+002	43.494	1	1	0.0	1.000000e+000	1.000000e+000	1.000000e+000	2.000000e+001	0.8833E-03	0.1060E+00
92	-2.730000e+002	46.465	1	1	0.0	1.000000e+000	1.000000e+000	1.000000e+000	2.000000e+001	0.8833E-03	0.1060E+00
93	-2.760000e+002	49.436	1	1	0.0	1.000000e+000	1.000000e+000	1.000000e+000	2.000000e+001	0.8833E-03	0.1060E+00
94	-2.790000e+002	52.407	1	1	0.0	1.000000e+000	1.000000e+000	1.000000e+000	2.000000e+001	0.8833E-03	0.1060E+00
95	-2.820000e+002	55.378	1	1	0.0	1.000000e+000	1.000000e+000	1.000000e+000	2.000000e+001	0.8833E-03	0.1060E+00
96	-2.850000e+002	58.349	1	1	0.0	1.000000e+000	1.000000e+000	1.000000e+000	2.000000e+001	0.8833E-03	0.1060E+00
97	-2.880000e+002	61.320	1	1	0.0	1.000000e+000	1.000000e+000	1.000000e+000	2.000000e+001	0.8833E-03	0.1060E+00
98	-2.910000e+002	64.291	1	1	0.0	1.000000e+000	1.000000e+000	1.000000e+000	2.000000e+001	0.8833E-03	0.1060E+00
99	-2.940000e+002	67.262	1	1	0.0	1.000000e+000	1.000000e+000	1.000000e+000	2.000000e+001	0.8823E-03	0.1059E+00
100	-2.970000e+002	70.233	1	1	0.0	1.000000e+000	1.000000e+000	1.000000e+000	2.000000e+001	0.8800E-03	0.1056E+00
101	-3.000000e+002	73.204	1	1	0.0	1.000000e+000	1.000000e+000	1.000000e+000	2.000000e+001	0.8800E-03	0.1055E+00
