Fast first order indexes
                    	                ZRTC	                ZSTC	                ZLFC	                ZERC	                ZART	                ZAST	                ZALF	                ZAER	               TZDMI	               TZDMX	                SUMZ	              SUMTZA	
             MIZRTT1	              0.0389	              0.0120	              0.1367	              0.0129	              0.0389	              0.0120	              0.1367	              0.0129	                   0	              0.0559	            0.000149	              0.0149	
             MIZRTT2	              0.0548	              0.0034	              0.0239	              0.0183	              0.0548	              0.0034	              0.0239	              0.0183	                   0	              0.0711	            0.000148	              0.0127	
             MIZRTT3	              0.0243	              0.0079	              0.0925	              0.0209	              0.0243	              0.0079	              0.0925	              0.0209	                   0	              0.0457	             0.00015	              0.0394	
             MIZRTT4	              0.0571	              0.0410	              0.0636	              0.0045	              0.0571	              0.0410	              0.0636	              0.0045	                   0	              0.0421	            0.000151	              0.0450	
             MIZRTT5	              0.0503	              0.0495	              0.0635	              0.0243	              0.0503	              0.0495	              0.0635	              0.0243	                   0	              0.0356	            0.000149	              0.0278	
             MIZRTT6	              0.0379	              0.0053	              0.0666	              0.0066	              0.0379	              0.0053	              0.0666	              0.0066	                   0	              0.0608	            0.000152	              0.0118	
             MIZSTT1	              0.0388	              0.0081	              0.0268	              0.0061	              0.0388	              0.0081	              0.0268	              0.0061	                   0	              0.0832	            0.000149	              0.0047	
             MIZSTT2	              0.0335	              0.0133	              0.1485	              0.0284	              0.0335	              0.0133	              0.1485	              0.0284	                   0	              0.0291	            0.000154	              0.0219	
             MIZSTT3	              0.0759	              0.0128	              0.0725	              0.0074	              0.0759	              0.0128	              0.0725	              0.0074	                   0	              0.0593	            0.000152	              0.0050	
             MIZSTT4	              0.0265	              0.0128	              0.0372	              0.0236	              0.0265	              0.0128	              0.0372	              0.0236	                   0	              0.0395	            0.000154	              0.0359	
             MIZSTT5	              0.0185	              0.0554	              0.1221	              0.0057	              0.0185	              0.0554	              0.1221	              0.0057	              0.1096	              0.0430	            0.000149	              0.0448	
             MIZSTT6	              0.0279	              0.0109	              0.1200	              0.0040	              0.0279	              0.0109	              0.1200	              0.0040	                   0	              0.0706	            0.000149	              0.0091	
             MIZLFT1	              0.0150	              0.0043	              0.1391	              0.0311	              0.0150	              0.0043	              0.1391	              0.0311	                   0	              0.0534	            0.000149	              0.0167	
             MIZLFT2	              0.0121	              0.0106	              0.1226	              0.0192	              0.0121	              0.0106	              0.1226	              0.0192	                   0	              0.0552	            0.000152	              0.0362	
             MIZLFT3	              0.0117	              0.0166	              0.0456	              0.0030	              0.0117	              0.0166	              0.0456	              0.0030	                   0	              0.0651	            0.000151	              0.0100	
             MIZLFT4	              0.0915	              0.0117	              0.0495	              0.0072	              0.0915	              0.0117	              0.0495	              0.0072	                   0	              0.0522	            0.000148	              0.0125	
             MIZLFT5	              0.0488	              0.0263	              0.0483	              0.0128	              0.0488	              0.0263	              0.0483	              0.0128	                   0	              0.0502	            0.000149	              0.0133	
             MIZLFT6	              0.0109	              0.0265	              0.1001	              0.0209	              0.0109	              0.0265	              0.1001	              0.0209	                   0	              0.0427	            0.000149	              0.0248	
             MIZERT1	              0.0910	              0.0226	              0.0645	              0.0297	              0.0910	              0.0226	              0.0645	              0.0297	                   0	              0.0293	            0.000148	              0.0184	
             MIZERT2	              0.0241	              0.0259	              0.1178	              0.0066	              0.0241	              0.0259	              0.1178	              0.0066	                   0	              0.0422	            0.000152	              0.0483	
             MIZERT3	              0.0448	              0.0140	              0.0165	              0.0266	              0.0448	              0.0140	              0.0165	              0.0266	                   0	              0.0493	            0.000149	              0.0338	
             MIZERT4	              0.1225	              0.0095	              0.0336	              0.0124	              0.1225	              0.0095	              0.0336	              0.0124	              0.1096	              0.0523	            0.000149	              0.0447	
             MIZERT5	              0.0403	              0.0175	              0.0841	              0.0263	              0.0403	              0.0175	              0.0841	              0.0263	                   0	              0.0315	            0.000151	              0.0267	
             MIZERT6	              0.0648	              0.0074	              0.0323	              0.0447	              0.0648	              0.0074	              0.0323	              0.0447	                   0	              0.0303	            0.000154	              0.0307	
             MXZRTT1	              0.0264	              0.0229	              0.1683	              0.0185	              0.0264	              0.0229	              0.1683	              0.0185	                   0	              0.0387	            0.000149	              0.0302	
             MXZRTT2	              0.0275	              0.0019	              0.0322	              0.0118	              0.0275	              0.0019	              0.0322	              0.0118	                   0	              0.0644	            0.000152	              0.0084	
             MXZRTT3	              0.0288	              0.0133	              0.1040	              0.0038	              0.0288	              0.0133	              0.1040	              0.0038	              0.1096	              0.0720	            0.000149	              0.0128	
             MXZRTT4	              0.0147	              0.0415	              0.1016	              0.0101	              0.0147	              0.0415	              0.1016	              0.0101	                   0	              0.0380	             0.00015	              0.0385	
             MXZRTT5	              0.0740	              0.0074	              0.0938	              0.0087	              0.0740	              0.0074	              0.0938	              0.0087	                   0	              0.0596	            0.000153	              0.0088	
             MXZRTT6	              0.2663	              0.0320	              0.0889	              0.0043	              0.2663	              0.0320	              0.0889	              0.0043	                   0	              0.0518	            0.000149	              0.0704	
             MXZSTT1	              0.0590	              0.0405	              0.0506	              0.0049	              0.0590	              0.0405	              0.0506	              0.0049	              0.1096	              0.0492	            0.000149	              0.0363	
             MXZSTT2	              0.0425	              0.0079	              0.0804	              0.0030	              0.0425	              0.0079	              0.0804	              0.0030	                   0	              0.0841	            0.000155	              0.0044	
             MXZSTT3	              0.0262	              0.0204	              0.0918	              0.0051	              0.0262	              0.0204	              0.0918	              0.0051	                   0	              0.0519	             0.00015	              0.0309	
             MXZSTT4	              0.0518	              0.0163	              0.0950	              0.0235	              0.0518	              0.0163	              0.0950	              0.0235	                   0	              0.0375	            0.000153	              0.0237	
             MXZSTT5	              0.0690	              0.0051	              0.0818	              0.0063	              0.0690	              0.0051	              0.0818	              0.0063	                   0	              0.0868	            0.000152	              0.0074	
             MXZSTT6	              0.0384	              0.8244	              0.0330	              0.0253	              0.0384	              0.8244	              0.0330	              0.0253	                   0	              0.0191	            0.000148	              0.5236	
             MXZLFT1	              0.0582	              0.0080	              0.1015	              0.0175	              0.0582	              0.0080	              0.1015	              0.0175	                   0	              0.0590	            0.000152	              0.0222	
             MXZLFT2	              0.1476	              0.0291	              0.1267	              0.0155	              0.1476	              0.0291	              0.1267	              0.0155	                   0	              0.0286	            0.000151	              0.0637	
             MXZLFT3	              0.0669	              0.0141	              0.0511	              0.0097	              0.0669	              0.0141	              0.0511	              0.0097	                   0	              0.0477	            0.000149	              0.0604	
             MXZLFT4	              0.0169	              0.0248	              0.0454	              0.0116	              0.0169	              0.0248	              0.0454	              0.0116	                   0	              0.0509	             0.00015	              0.0146	
             MXZLFT5	              0.0522	              0.0183	              0.1043	              0.0042	              0.0522	              0.0183	              0.1043	              0.0042	                   0	              0.0731	            0.000152	              0.0084	
             MXZLFT6	              0.0223	              0.0146	              0.1642	              0.0077	              0.0223	              0.0146	              0.1642	              0.0077	                   0	              0.0541	            0.000155	              0.0165	
             MXZERT1	              0.0349	              0.0153	              0.0624	              0.0253	              0.0349	              0.0153	              0.0624	              0.0253	                   0	              0.0314	            0.000149	              0.0169	
             MXZERT2	              0.0212	              0.0051	              0.0486	              0.0387	              0.0212	              0.0051	              0.0486	              0.0387	                   0	              0.0438	            0.000154	              0.0312	
             MXZERT3	              0.0495	              0.0071	              0.1000	              0.0180	              0.0495	              0.0071	              0.1000	              0.0180	                   0	              0.0543	            0.000154	              0.0524	
             MXZERT4	              0.0863	              0.0360	              0.0757	              0.0038	              0.0863	              0.0360	              0.0757	              0.0038	                   0	              0.0357	            0.000155	              0.0269	
             MXZERT5	              0.0844	              0.0282	              0.0753	              0.0392	              0.0844	              0.0282	              0.0753	              0.0392	              0.1096	              0.0580	            0.000154	              0.0458	
             MXZERT6	              0.0634	              0.0232	              0.0791	              0.5807	              0.0634	              0.0232	              0.0791	              0.5807	                   0	              0.0522	            0.000149	              0.2028	
               FRTT1	              0.0517	              0.0176	              0.0794	              0.0060	              0.0517	              0.0176	              0.0794	              0.0060	                   0	              0.0435	            0.000149	              0.0258	
               FRTT2	              0.0162	              0.0334	              0.1049	              0.0280	              0.0162	              0.0334	              0.1049	              0.0280	                   0	              0.0433	            0.000154	              0.0366	
               FRTT3	              0.0567	              0.0093	              0.0484	              0.0174	              0.0567	              0.0093	              0.0484	              0.0174	                   0	              0.0407	            0.000152	              0.0480	
               FRTT4	              0.0495	              0.0083	              0.0470	              0.0178	              0.0495	              0.0083	              0.0470	              0.0178	                   0	              0.0422	            0.000148	              0.0353	
               FRTT5	              0.0282	              0.0175	              0.1056	              0.0103	              0.0282	              0.0175	              0.1056	              0.0103	                   0	              0.0496	            0.000151	              0.0161	
               FRTT6	              0.0574	              0.0034	              0.1421	              0.0214	              0.0574	              0.0034	              0.1421	              0.0214	              0.1096	              0.0505	            0.000153	              0.0184	
               FSTT1	              0.0524	              0.0141	              0.0620	              0.0037	              0.0524	              0.0141	              0.0620	              0.0037	                   0	              0.0773	            0.000153	              0.0077	
               FSTT2	              0.0152	              0.0036	              0.0613	              0.0031	              0.0152	              0.0036	              0.0613	              0.0031	                   0	              0.0853	            0.000151	              0.0027	
               FSTT3	              0.0129	              0.0155	              0.0476	              0.0102	              0.0129	              0.0155	              0.0476	              0.0102	                   0	              0.0501	            0.000149	              0.0148	
               FSTT4	              0.0572	              0.0028	              0.1245	              0.0094	              0.0572	              0.0028	              0.1245	              0.0094	                   0	              0.0667	            0.000152	              0.0069	
               FSTT5	              0.0675	              0.0106	              0.0673	              0.0143	              0.0675	              0.0106	              0.0673	              0.0143	                   0	              0.0774	            0.000153	              0.0153	
               FSTT6	              0.0610	              0.0155	              0.0274	              0.0309	              0.0610	              0.0155	              0.0274	              0.0309	                   0	              0.0480	             0.00015	              0.0418	
               FLFT1	              0.0200	              0.0262	              0.0609	              0.0126	              0.0200	              0.0262	              0.0609	              0.0126	                   0	              0.0394	            0.000155	              0.0222	
               FLFT2	              0.0254	              0.0072	              0.0658	              0.0090	              0.0254	              0.0072	              0.0658	              0.0090	                   0	              0.0771	            0.000149	              0.0066	
               FLFT3	              0.0305	              0.0067	              0.0533	              0.0144	              0.0305	              0.0067	              0.0533	              0.0144	                   0	              0.0438	            0.000151	              0.0152	
               FLFT4	              0.0234	              0.0137	              0.0513	              0.0080	              0.0234	              0.0137	              0.0513	              0.0080	                   0	              0.0599	            0.000149	              0.0456	
               FLFT5	              0.0358	              0.0063	              0.0787	              0.0313	              0.0358	              0.0063	              0.0787	              0.0313	                   0	              0.0435	            0.000152	              0.0217	
               FLFT6	              0.0411	              0.0045	              0.0664	              0.0035	              0.0411	              0.0045	              0.0664	              0.0035	                   0	              0.0788	            0.000149	              0.0022	
                  ZU	              0.2141	              0.1558	              0.0962	              0.1051	              0.2141	              0.1558	              0.0962	              0.1051	                   0	              0.4575	              0.9841	              0.5387	

Fast total order Indexes
                    	                ZRTC	                ZSTC	                ZLFC	                ZERC	                ZART	                ZAST	                ZALF	                ZAER	               TZDMI	               TZDMX	                SUMZ	              SUMTZA	
             MIZRTT1	            0.338235	            0.099903	            0.609855	            0.139891	            0.338235	            0.099903	            0.609855	            0.139891	                   0	            0.559005	            0.015950	            0.139248	
             MIZRTT2	            0.362503	            0.083620	            0.564101	            0.171397	            0.362503	            0.083620	            0.564101	            0.171397	                   0	            0.618966	            0.015949	            0.163673	
             MIZRTT3	            0.413871	            0.108476	            0.656902	            0.198336	            0.413871	            0.108476	            0.656902	            0.198336	                   0	            0.474672	            0.015962	            0.464267	
             MIZRTT4	            0.700502	            0.306382	            0.577229	            0.068145	            0.700502	            0.306382	            0.577229	            0.068145	                   0	            0.458879	            0.015965	            0.475669	
             MIZRTT5	            0.343094	            0.355394	            0.461129	            0.324563	            0.343094	            0.355394	            0.461129	            0.324563	                   0	            0.422484	            0.015955	            0.344073	
             MIZRTT6	            0.403105	            0.099747	            0.641216	            0.097112	            0.403105	            0.099747	            0.641216	            0.097112	                   0	            0.585981	            0.015972	            0.199177	
             MIZSTT1	            0.325548	            0.073063	            0.483759	            0.071346	            0.325548	            0.073063	            0.483759	            0.071346	                   0	            0.705686	            0.015955	            0.076327	
             MIZSTT2	            0.500963	            0.236503	            0.652908	            0.476354	            0.500963	            0.236503	            0.652908	            0.476354	                   0	            0.360214	            0.015990	            0.362222	
             MIZSTT3	            0.397722	            0.070798	            0.599614	            0.121881	            0.397722	            0.070798	            0.599614	            0.121881	                   0	            0.582364	            0.015979	            0.091925	
             MIZSTT4	            0.442234	            0.119396	            0.650583	            0.340380	            0.442234	            0.119396	            0.650583	            0.340380	                   0	            0.433787	            0.015990	            0.444106	
             MIZSTT5	            0.589800	            0.329789	            0.744642	            0.054193	            0.589800	            0.329789	            0.744642	            0.054193	            0.890411	            0.457156	            0.015952	            0.364384	
             MIZSTT6	            0.326173	            0.126242	            0.626310	            0.045881	            0.326173	            0.126242	            0.626310	            0.045881	                   0	            0.685250	            0.015954	            0.073297	
             MIZLFT1	            0.315527	            0.097229	            0.723257	            0.251950	            0.315527	            0.097229	            0.723257	            0.251950	                   0	            0.527663	            0.015954	            0.189907	
             MIZLFT2	            0.252655	            0.090726	            0.771465	            0.220987	            0.252655	            0.090726	            0.771465	            0.220987	                   0	            0.576902	            0.015980	            0.346824	
             MIZLFT3	            0.257818	            0.096065	            0.598104	            0.039744	            0.257818	            0.096065	            0.598104	            0.039744	                   0	            0.646953	            0.015970	            0.078377	
             MIZLFT4	            0.699017	            0.130353	            0.567350	            0.104964	            0.699017	            0.130353	            0.567350	            0.104964	                   0	            0.526838	            0.015949	            0.125733	
             MIZLFT5	            0.432607	            0.175534	            0.615749	            0.121966	            0.432607	            0.175534	            0.615749	            0.121966	                   0	            0.509993	            0.015956	            0.159028	
             MIZLFT6	            0.359758	            0.278102	            0.602513	            0.218152	            0.359758	            0.278102	            0.602513	            0.218152	                   0	            0.444921	            0.015955	            0.288430	
             MIZERT1	            0.622530	            0.225852	            0.490615	            0.408302	            0.622530	            0.225852	            0.490615	            0.408302	                   0	            0.364188	            0.015949	            0.333060	
             MIZERT2	            0.426586	            0.295293	            0.875847	            0.098867	            0.426586	            0.295293	            0.875847	            0.098867	                   0	            0.453184	            0.015973	            0.474354	
             MIZERT3	            0.405575	            0.090042	            0.531519	            0.235233	            0.405575	            0.090042	            0.531519	            0.235233	                   0	            0.522356	            0.015955	            0.320813	
             MIZERT4	            0.848593	            0.121278	            0.780055	            0.183566	            0.848593	            0.121278	            0.780055	            0.183566	            0.890411	            0.519993	            0.015949	            0.492178	
             MIZERT5	            0.600473	            0.238729	            0.567808	            0.413603	            0.600473	            0.238729	            0.567808	            0.413603	                   0	            0.389825	            0.015972	            0.355254	
             MIZERT6	            0.410551	            0.228257	            0.662851	            0.476896	            0.410551	            0.228257	            0.662851	            0.476896	                   0	            0.378565	            0.015993	            0.420060	
             MXZRTT1	            0.535804	            0.150143	            0.837653	            0.202931	            0.535804	            0.150143	            0.837653	            0.202931	                   0	            0.440659	            0.015954	            0.265888	
             MXZRTT2	            0.402517	            0.069772	            0.634893	            0.120129	            0.402517	            0.069772	            0.634893	            0.120129	                   0	            0.607887	            0.015977	            0.165101	
             MXZRTT3	            0.152282	            0.144471	            0.612292	            0.054310	            0.152282	            0.144471	            0.612292	            0.054310	            0.890411	            0.672513	            0.015952	            0.130250	
             MXZRTT4	            0.312392	            0.332951	            0.823817	            0.134509	            0.312392	            0.332951	            0.823817	            0.134509	                   0	            0.434099	            0.015958	            0.389839	
             MXZRTT5	            0.611559	            0.109531	            0.700583	            0.096959	            0.611559	            0.109531	            0.700583	            0.096959	                   0	            0.573046	            0.015985	            0.106095	
             MXZRTT6	            0.706535	            0.252457	            0.767343	            0.076766	            0.706535	            0.252457	            0.767343	            0.076766	                   0	            0.536562	            0.015949	            0.437882	
             MXZSTT1	            0.663114	            0.281632	            0.469497	            0.052695	            0.663114	            0.281632	            0.469497	            0.052695	            0.890411	            0.501022	            0.015952	            0.253888	
             MXZSTT2	            0.299061	            0.063898	            0.677392	            0.045072	            0.299061	            0.063898	            0.677392	            0.045072	                   0	            0.796912	            0.016000	            0.052743	
             MXZSTT3	            0.287719	            0.245987	            0.515020	            0.052531	            0.287719	            0.245987	            0.515020	            0.052531	                   0	            0.492645	            0.015962	            0.302348	
             MXZSTT4	            0.602228	            0.120010	            0.607911	            0.276303	            0.602228	            0.120010	            0.607911	            0.276303	                   0	            0.433457	            0.015985	            0.256592	
             MXZSTT5	            0.519957	            0.054759	            0.544089	            0.048308	            0.519957	            0.054759	            0.544089	            0.048308	                   0	            0.753225	            0.015980	            0.055760	
             MXZSTT6	            0.591588	            0.920604	            0.566798	            0.339624	            0.591588	            0.920604	            0.566798	            0.339624	                   0	            0.321702	            0.015949	            0.738955	
             MXZLFT1	            0.260237	            0.084826	            0.504135	            0.158336	            0.260237	            0.084826	            0.504135	            0.158336	                   0	            0.580272	            0.015974	            0.202873	
             MXZLFT2	            0.561650	            0.211388	            0.665839	            0.180083	            0.561650	            0.211388	            0.665839	            0.180083	                   0	            0.380747	            0.015968	            0.412807	
             MXZLFT3	            0.665931	            0.147141	            0.596258	            0.136441	            0.665931	            0.147141	            0.596258	            0.136441	                   0	            0.517892	            0.015956	            0.418175	
             MXZLFT4	            0.198721	            0.146406	            0.494882	            0.111455	            0.198721	            0.146406	            0.494882	            0.111455	                   0	            0.512134	            0.015964	            0.117351	
             MXZLFT5	            0.481614	            0.128884	            0.810499	            0.064253	            0.481614	            0.128884	            0.810499	            0.064253	                   0	            0.635897	            0.015979	            0.129619	
             MXZLFT6	            0.364758	            0.133925	            0.752278	            0.090785	            0.364758	            0.133925	            0.752278	            0.090785	                   0	            0.536389	            0.015999	            0.138009	
             MXZERT1	            0.507743	            0.193497	            0.697935	            0.259176	            0.507743	            0.193497	            0.697935	            0.259176	                   0	            0.394284	            0.015954	            0.270536	
             MXZERT2	            0.298770	            0.104163	            0.608622	            0.340328	            0.298770	            0.104163	            0.608622	            0.340328	                   0	            0.467201	            0.015995	            0.345048	
             MXZERT3	            0.346062	            0.070230	            0.705835	            0.236144	            0.346062	            0.070230	            0.705835	            0.236144	                   0	            0.538671	            0.015995	            0.370890	
             MXZERT4	            0.431638	            0.321205	            0.630336	            0.074725	            0.431638	            0.321205	            0.630336	            0.074725	                   0	            0.425580	            0.015999	            0.269631	
             MXZERT5	            0.757189	            0.235928	            0.743699	            0.119218	            0.757189	            0.235928	            0.743699	            0.119218	            0.890411	            0.553585	            0.015992	            0.231941	
             MXZERT6	            0.646113	            0.274229	            0.631796	            0.755275	            0.646113	            0.274229	            0.631796	            0.755275	                   0	            0.515587	            0.015949	            0.611049	
               FRTT1	            0.337930	            0.261578	            0.661342	            0.095239	            0.337930	            0.261578	            0.661342	            0.095239	                   0	            0.455692	            0.015955	            0.411702	
               FRTT2	            0.397711	            0.330199	            0.718850	            0.215122	            0.397711	            0.330199	            0.718850	            0.215122	                   0	            0.451313	            0.015994	            0.322755	
               FRTT3	            0.830311	            0.113544	            0.617810	            0.193999	            0.830311	            0.113544	            0.617810	            0.193999	                   0	            0.444002	            0.015980	            0.483249	
               FRTT4	            0.343733	            0.115242	            0.645433	            0.215363	            0.343733	            0.115242	            0.645433	            0.215363	                   0	            0.458153	            0.015948	            0.318409	
               FRTT5	            0.395989	            0.252218	            0.793986	            0.113354	            0.395989	            0.252218	            0.793986	            0.113354	                   0	            0.501210	            0.015969	            0.265329	
               FRTT6	            0.421915	            0.068346	            0.781220	            0.235854	            0.421915	            0.068346	            0.781220	            0.235854	            0.890411	            0.500981	            0.015986	            0.164880	
               FSTT1	            0.457606	            0.099594	            0.690525	            0.064072	            0.457606	            0.099594	            0.690525	            0.064072	                   0	            0.747792	            0.015988	            0.068942	
               FSTT2	            0.176653	            0.070067	            0.414469	            0.055312	            0.176653	            0.070067	            0.414469	            0.055312	                   0	            0.720733	            0.015971	            0.049544	
               FSTT3	            0.194532	            0.113787	            0.545238	            0.198586	            0.194532	            0.113787	            0.545238	            0.198586	                   0	            0.495552	            0.015950	            0.165218	
               FSTT4	            0.480653	            0.079910	            0.864900	            0.140168	            0.480653	            0.079910	            0.864900	            0.140168	                   0	            0.527765	            0.015973	            0.096201	
               FSTT5	            0.402782	            0.082128	            0.660242	            0.133707	            0.402782	            0.082128	            0.660242	            0.133707	                   0	            0.687532	            0.015987	            0.100875	
               FSTT6	            0.471367	            0.177473	            0.515473	            0.227043	            0.471367	            0.177473	            0.515473	            0.227043	                   0	            0.487291	            0.015959	            0.424869	
               FLFT1	            0.469608	            0.162333	            0.439295	            0.124416	            0.469608	            0.162333	            0.439295	            0.124416	                   0	            0.438718	            0.015999	            0.166142	
               FLFT2	            0.472595	            0.072629	            0.426193	            0.081007	            0.472595	            0.072629	            0.426193	            0.081007	                   0	            0.695543	            0.015956	            0.075526	
               FLFT3	            0.404765	            0.105372	            0.567244	            0.180178	            0.404765	            0.105372	            0.567244	            0.180178	                   0	            0.467120	            0.015967	            0.183845	
               FLFT4	            0.346877	            0.102986	            0.548955	            0.103551	            0.346877	            0.102986	            0.548955	            0.103551	                   0	            0.577627	            0.015952	            0.500057	
               FLFT5	            0.381824	            0.080245	            0.507198	            0.433276	            0.381824	            0.080245	            0.507198	            0.433276	                   0	            0.455711	            0.015975	            0.277847	
               FLFT6	            0.440443	            0.063823	            0.647892	            0.046915	            0.440443	            0.063823	            0.647892	            0.046915	                   0	            0.653059	            0.015951	            0.050457	
                  ZU	            0.577574	            0.278288	            0.696419	            0.217954	            0.577574	            0.278288	            0.696419	            0.217954	                   0	            0.935390	            1.000000	            0.854654	
