1	-0.000000e+000	-238.489	1	1	0.0	1.000000e+000	1.000000e+000	1.000000e+000	2.000000e+001	0.1020E-01	0.1138E+00
2	-3.000000e+000	-235.310	1	1	0.0	1.000000e+000	1.000000e+000	1.000000e+000	2.000000e+001	0.1014E-01	0.1145E+00
3	-6.000000e+000	-232.171	1	1	0.0	1.000000e+000	1.000000e+000	1.000000e+000	2.000000e+001	0.1020E-01	0.1151E+00
4	-9.000000e+000	-229.069	1	1	1.0	1.000000e+000	1.000000e+000	1.000000e+000	2.000000e+001	0.1015E-01	0.1149E+00
5	-1.200000e+001	-225.996	1	1	1.0	1.000000e+000	1.000000e+000	1.000000e+000	2.000000e+001	0.1006E-01	0.1140E+00
6	-1.500000e+001	-222.950	1	1	0.7499999774999998	1.000000e+000	1.000000e+000	1.000000e+000	2.000000e+001	0.9851E-02	0.1116E+00
7	-1.800000e+001	-219.929	1	1	0.5000000450000004	1.000000e+000	1.000000e+000	1.000000e+000	2.000000e+001	0.9429E-02	0.1065E+00
8	-2.100000e+001	-216.935	1	1	0.2500000225000002	1.000000e+000	1.000000e+000	1.000000e+000	2.000000e+001	0.9169E-02	0.1035E+00
9	-2.400000e+001	-213.967	1	1	0.0	1.000000e+000	1.000000e+000	1.000000e+000	2.000000e+001	0.9028E-02	0.1018E+00
10	-2.700000e+001	-211.025	1	1	0.0	1.000000e+000	1.000000e+000	1.000000e+000	2.000000e+001	0.8932E-02	0.1007E+00
11	-3.000000e+001	-208.107	1	1	0.0	1.000000e+000	1.000000e+000	1.000000e+000	2.000000e+001	0.8876E-02	0.1001E+00
12	-3.300000e+001	-205.214	1	1	0.0	1.000000e+000	1.000000e+000	1.000000e+000	2.000000e+001	0.8838E-02	0.9968E-01
13	-3.600000e+001	-202.343	1	1	0.0	1.000000e+000	1.000000e+000	1.000000e+000	2.000000e+001	0.8816E-02	0.9944E-01
14	-3.900000e+001	-199.496	1	1	0.0	1.000000e+000	1.000000e+000	1.000000e+000	2.000000e+001	0.8803E-02	0.9930E-01
15	-4.200000e+001	-196.669	1	1	0.0	1.000000e+000	1.000000e+000	1.000000e+000	2.000000e+001	0.8795E-02	0.9921E-01
16	-4.500000e+001	-193.864	1	1	0.0	1.000000e+000	1.000000e+000	1.000000e+000	2.000000e+001	0.8791E-02	0.9916E-01
17	-4.800000e+001	-191.079	1	1	0.0	1.000000e+000	1.000000e+000	1.000000e+000	2.000000e+001	0.8788E-02	0.9912E-01
18	-5.100000e+001	-188.314	1	1	0.0	1.000000e+000	1.000000e+000	1.000000e+000	2.000000e+001	0.8786E-02	0.9910E-01
19	-5.400000e+001	-185.565	1	1	0.0	1.000000e+000	1.000000e+000	1.000000e+000	2.000000e+001	0.8786E-02	0.9910E-01
20	-5.700000e+001	-182.833	1	1	0.0	1.000000e+000	1.000000e+000	1.000000e+000	2.000000e+001	0.8785E-02	0.9909E-01
21	-6.000000e+001	-180.115	1	1	0.0	1.000000e+000	1.000000e+000	1.000000e+000	2.000000e+001	0.8785E-02	0.9909E-01
22	-6.300000e+001	-177.411	1	1	0.0	1.000000e+000	1.000000e+000	1.000000e+000	2.000000e+001	0.8785E-02	0.9909E-01
23	-6.600000e+001	-174.718	1	1	0.0	1.000000e+000	1.000000e+000	1.000000e+000	2.000000e+001	0.8785E-02	0.9909E-01
24	-6.900000e+001	-172.037	1	1	0.0	1.000000e+000	1.000000e+000	1.000000e+000	2.000000e+001	0.8785E-02	0.9909E-01
25	-7.200000e+001	-169.366	1	1	0.0	1.000000e+000	1.000000e+000	1.000000e+000	2.000000e+001	0.8785E-02	0.9909E-01
26	-7.500000e+001	-166.704	1	1	0.0	1.000000e+000	1.000000e+000	1.000000e+000	2.000000e+001	0.8785E-02	0.9909E-01
27	-7.800000e+001	-164.051	1	1	0.0	1.000000e+000	1.000000e+000	1.000000e+000	2.000000e+001	0.8785E-02	0.9909E-01
28	-8.100000e+001	-161.404	1	1	0.0	1.000000e+000	1.000000e+000	1.000000e+000	2.000000e+001	0.8785E-02	0.9909E-01
29	-8.400000e+001	-158.765	1	1	0.0	1.000000e+000	1.000000e+000	1.000000e+000	2.000000e+001	0.8785E-02	0.9909E-01
30	-8.700000e+001	-156.131	1	1	0.0	1.000000e+000	1.000000e+000	1.000000e+000	2.000000e+001	0.8785E-02	0.9909E-01
31	-9.000000e+001	-153.502	1	1	0.0	1.000000e+000	1.000000e+000	1.000000e+000	2.000000e+001	0.8785E-02	0.9909E-01
32	-9.300000e+001	-150.875	1	1	0.0	1.000000e+000	1.000000e+000	1.000000e+000	2.000000e+001	0.8785E-02	0.9909E-01
33	-9.600000e+001	-148.248	1	1	0.0	1.000000e+000	1.000000e+000	1.000000e+000	2.000000e+001	0.8785E-02	0.9909E-01
34	-9.900000e+001	-145.618	1	1	0.0	1.000000e+000	1.000000e+000	1.000000e+000	2.000000e+001	0.8785E-02	0.9909E-01
35	-1.020000e+002	-142.985	1	1	0.0	1.000000e+000	1.000000e+000	1.000000e+000	2.000000e+001	0.8785E-02	0.9909E-01
36	-1.050000e+002	-140.349	1	1	0.0	1.000000e+000	1.000000e+000	1.000000e+000	2.000000e+001	0.8785E-02	0.9909E-01
37	-1.080000e+002	-137.709	1	1	0.0	1.000000e+000	1.000000e+000	1.000000e+000	2.000000e+001	0.8785E-02	0.9909E-01
38	-1.110000e+002	-135.065	1	1	0.0	1.000000e+000	1.000000e+000	1.000000e+000	2.000000e+001	0.8785E-02	0.9909E-01
39	-1.140000e+002	-132.418	1	1	0.0	1.000000e+000	1.000000e+000	1.000000e+000	2.000000e+001	0.8785E-02	0.9909E-01
40	-1.170000e+002	-129.766	1	1	0.0	1.000000e+000	1.000000e+000	1.000000e+000	2.000000e+001	0.8785E-02	0.9909E-01
41	-1.200000e+002	-127.111	1	1	0.0	1.000000e+000	1.000000e+000	1.000000e+000	2.000000e+001	0.8785E-02	0.9909E-01
42	-1.230000e+002	-124.451	1	1	0.0	1.000000e+000	1.000000e+000	1.000000e+000	2.000000e+001	0.8785E-02	0.9909E-01
43	-1.260000e+002	-121.787	1	1	0.0	1.000000e+000	1.000000e+000	1.000000e+000	2.000000e+001	0.8785E-02	0.9909E-01
44	-1.290000e+002	-119.117	1	1	0.0	1.000000e+000	1.000000e+000	1.000000e+000	2.000000e+001	0.8785E-02	0.9909E-01
45	-1.320000e+002	-116.438	1	1	0.0	1.000000e+000	1.000000e+000	1.000000e+000	2.000000e+001	0.8785E-02	0.9909E-01
46	-1.350000e+002	-113.750	1	1	0.0	1.000000e+000	1.000000e+000	1.000000e+000	2.000000e+001	0.8785E-02	0.9909E-01
47	-1.380000e+002	-111.052	1	1	0.0	1.000000e+000	1.000000e+000	1.000000e+000	2.000000e+001	0.8785E-02	0.9909E-01
48	-1.410000e+002	-108.346	1	1	0.0	1.000000e+000	1.000000e+000	1.000000e+000	2.000000e+001	0.8785E-02	0.9909E-01
49	-1.440000e+002	-105.632	1	1	0.0	1.000000e+000	1.000000e+000	1.000000e+000	2.000000e+001	0.8785E-02	0.9909E-01
50	-1.470000e+002	-102.909	1	1	0.0	1.000000e+000	1.000000e+000	1.000000e+000	2.000000e+001	0.8785E-02	0.9909E-01
51	-1.500000e+002	-100.180	1	1	0.0	1.000000e+000	1.000000e+000	1.000000e+000	2.000000e+001	0.8785E-02	0.9909E-01
52	-1.530000e+002	-97.443	1	1	0.0	1.000000e+000	1.000000e+000	1.000000e+000	2.000000e+001	0.8785E-02	0.9909E-01
53	-1.560000e+002	-94.699	1	1	0.0	1.000000e+000	1.000000e+000	1.000000e+000	2.000000e+001	0.8785E-02	0.9909E-01
54	-1.590000e+002	-91.946	1	1	0.0	1.000000e+000	1.000000e+000	1.000000e+000	2.000000e+001	0.8785E-02	0.9909E-01
55	-1.620000e+002	-89.183	1	1	0.0	1.000000e+000	1.000000e+000	1.000000e+000	2.000000e+001	0.8785E-02	0.9909E-01
56	-1.650000e+002	-86.410	1	1	0.0	1.000000e+000	1.000000e+000	1.000000e+000	2.000000e+001	0.8785E-02	0.9909E-01
57	-1.680000e+002	-83.629	1	1	0.0	1.000000e+000	1.000000e+000	1.000000e+000	2.000000e+001	0.8785E-02	0.9909E-01
58	-1.710000e+002	-80.839	1	1	0.0	1.000000e+000	1.000000e+000	1.000000e+000	2.000000e+001	0.8785E-02	0.9909E-01
59	-1.740000e+002	-78.043	1	1	0.0	1.000000e+000	1.000000e+000	1.000000e+000	2.000000e+001	0.8785E-02	0.9909E-01
60	-1.770000e+002	-75.239	1	1	0.0	1.000000e+000	1.000000e+000	1.000000e+000	2.000000e+001	0.8785E-02	0.9909E-01
61	-1.800000e+002	-72.426	1	1	0.0	1.000000e+000	1.000000e+000	1.000000e+000	2.000000e+001	0.8785E-02	0.9909E-01
62	-1.830000e+002	-69.605	1	1	0.0	1.000000e+000	1.000000e+000	1.000000e+000	2.000000e+001	0.8785E-02	0.9909E-01
63	-1.860000e+002	-66.776	1	1	0.0	1.000000e+000	1.000000e+000	1.000000e+000	2.000000e+001	0.8785E-02	0.9909E-01
64	-1.890000e+002	-63.939	1	1	0.0	1.000000e+000	1.000000e+000	1.000000e+000	2.000000e+001	0.8785E-02	0.9909E-01
65	-1.920000e+002	-61.095	1	1	0.0	1.000000e+000	1.000000e+000	1.000000e+000	2.000000e+001	0.8785E-02	0.9909E-01
66	-1.950000e+002	-58.245	1	1	0.0	1.000000e+000	1.000000e+000	1.000000e+000	2.000000e+001	0.8785E-02	0.9909E-01
67	-1.980000e+002	-55.387	1	1	0.0	1.000000e+000	1.000000e+000	1.000000e+000	2.000000e+001	0.8785E-02	0.9909E-01
68	-2.010000e+002	-52.522	1	1	0.0	1.000000e+000	1.000000e+000	1.000000e+000	2.000000e+001	0.8785E-02	0.9909E-01
69	-2.040000e+002	-49.650	1	1	0.0	1.000000e+000	1.000000e+000	1.000000e+000	2.000000e+001	0.8785E-02	0.9909E-01
70	-2.070000e+002	-46.772	1	1	0.0	1.000000e+000	1.000000e+000	1.000000e+000	2.000000e+001	0.8785E-02	0.9909E-01
71	-2.100000e+002	-43.888	1	1	0.0	1.000000e+000	1.000000e+000	1.000000e+000	2.000000e+001	0.8785E-02	0.9909E-01
72	-2.130000e+002	-40.997	1	1	0.0	1.000000e+000	1.000000e+000	1.000000e+000	2.000000e+001	0.8785E-02	0.9909E-01
73	-2.160000e+002	-38.101	1	1	0.0	1.000000e+000	1.000000e+000	1.000000e+000	2.000000e+001	0.8785E-02	0.9909E-01
74	-2.190000e+002	-35.199	1	1	0.0	1.000000e+000	1.000000e+000	1.000000e+000	2.000000e+001	0.8785E-02	0.9909E-01
75	-2.220000e+002	-32.291	1	1	0.0	1.000000e+000	1.000000e+000	1.000000e+000	2.000000e+001	0.8784E-02	0.9908E-01
76	-2.250000e+002	-29.378	1	1	0.0	1.000000e+000	1.000000e+000	1.000000e+000	2.000000e+001	0.8784E-02	0.9908E-01
77	-2.280000e+002	-26.460	1	1	0.0	1.000000e+000	1.000000e+000	1.000000e+000	2.000000e+001	0.8784E-02	0.9907E-01
78	-2.310000e+002	-23.537	1	1	0.0	1.000000e+000	1.000000e+000	1.000000e+000	2.000000e+001	0.8783E-02	0.9907E-01
79	-2.340000e+002	-20.609	1	1	0.0	1.000000e+000	1.000000e+000	1.000000e+000	2.000000e+001	0.8782E-02	0.9906E-01
80	-2.370000e+002	-17.676	1	1	0.0	1.000000e+000	1.000000e+000	1.000000e+000	2.000000e+001	0.8782E-02	0.9905E-01
81	-2.400000e+002	-14.739	1	1	0.0	1.000000e+000	1.000000e+000	1.000000e+000	2.000000e+001	0.8781E-02	0.9904E-01
82	-2.430000e+002	-11.797	1	1	0.0	1.000000e+000	1.000000e+000	1.000000e+000	2.000000e+001	0.8780E-02	0.9903E-01
83	-2.460000e+002	-8.850	1	1	0.0	1.000000e+000	1.000000e+000	1.000000e+000	2.000000e+001	0.8779E-02	0.9902E-01
84	-2.490000e+002	-5.900	1	1	0.0	1.000000e+000	1.000000e+000	1.000000e+000	2.000000e+001	0.8778E-02	0.9901E-01
85	-2.520000e+002	-2.944	1	1	0.0	1.000000e+000	1.000000e+000	1.000000e+000	2.000000e+001	0.8776E-02	0.9899E-01
86	-2.550000e+002	0.019	1	1	0.0	1.000000e+000	1.000000e+000	1.000000e+000	2.000000e+001	0.8774E-02	0.9897E-01
87	-2.580000e+002	2.985	1	1	0.0	1.000000e+000	1.000000e+000	1.000000e+000	2.000000e+001	0.8773E-02	0.9895E-01
88	-2.610000e+002	5.951	1	1	0.0	1.000000e+000	1.000000e+000	1.000000e+000	2.000000e+001	0.8771E-02	0.9893E-01
89	-2.640000e+002	8.917	1	1	0.0	1.000000e+000	1.000000e+000	1.000000e+000	2.000000e+001	0.8769E-02	0.9891E-01
90	-2.670000e+002	11.883	1	1	0.0	1.000000e+000	1.000000e+000	1.000000e+000	2.000000e+001	0.8766E-02	0.9888E-01
91	-2.700000e+002	14.849	1	1	0.0	1.000000e+000	1.000000e+000	1.000000e+000	2.000000e+001	0.8763E-02	0.9884E-01
92	-2.730000e+002	17.815	1	1	0.0	1.000000e+000	1.000000e+000	1.000000e+000	2.000000e+001	0.8759E-02	0.9880E-01
93	-2.760000e+002	20.781	1	1	0.0	1.000000e+000	1.000000e+000	1.000000e+000	2.000000e+001	0.8754E-02	0.9875E-01
94	-2.790000e+002	23.747	1	1	0.0	1.000000e+000	1.000000e+000	1.000000e+000	2.000000e+001	0.8749E-02	0.9869E-01
95	-2.820000e+002	26.713	1	1	0.0	1.000000e+000	1.000000e+000	1.000000e+000	2.000000e+001	0.8743E-02	0.9862E-01
96	-2.850000e+002	29.679	1	1	0.0	1.000000e+000	1.000000e+000	1.000000e+000	2.000000e+001	0.8736E-02	0.9855E-01
97	-2.880000e+002	32.645	1	1	0.0	1.000000e+000	1.000000e+000	1.000000e+000	2.000000e+001	0.8728E-02	0.9845E-01
98	-2.910000e+002	35.612	1	1	0.0	1.000000e+000	1.000000e+000	1.000000e+000	2.000000e+001	0.8720E-02	0.9834E-01
99	-2.940000e+002	38.578	1	1	0.0	1.000000e+000	1.000000e+000	1.000000e+000	2.000000e+001	0.8713E-02	0.9825E-01
100	-2.970000e+002	41.544	1	1	0.0	1.000000e+000	1.000000e+000	1.000000e+000	2.000000e+001	0.8708E-02	0.9819E-01
101	-3.000000e+002	44.510	1	1	0.0	1.000000e+000	1.000000e+000	1.000000e+000	2.000000e+001	0.8708E-02	0.9817E-01
