1	-0.000000e+000	-150.549	1	1	0.0	1.000000e+000	1.000000e+000	1.000000e+000	2.000000e+001	0.1064E-02	0.1276E+00
2	-3.000000e+000	-147.583	1	1	0.0	1.000000e+000	1.000000e+000	1.000000e+000	2.000000e+001	0.1069E-02	0.1283E+00
3	-6.000000e+000	-144.806	1	1	0.0	1.000000e+000	1.000000e+000	1.000000e+000	2.000000e+001	0.1070E-02	0.1284E+00
4	-9.000000e+000	-142.197	1	1	1.0	1.000000e+000	1.000000e+000	1.000000e+000	2.000000e+001	0.1070E-02	0.1285E+00
5	-1.200000e+001	-139.737	1	1	0.0	1.000000e+000	1.000000e+000	1.000000e+000	2.000000e+001	0.1070E-02	0.1284E+00
6	-1.500000e+001	-137.412	1	1	0.0	1.000000e+000	1.000000e+000	1.000000e+000	2.000000e+001	0.1068E-02	0.1281E+00
7	-1.800000e+001	-135.211	1	1	0.0	1.000000e+000	1.000000e+000	1.000000e+000	2.000000e+001	0.1034E-02	0.1260E+00
8	-2.100000e+001	-133.122	1	1	0.0	1.000000e+000	1.000000e+000	1.000000e+000	2.000000e+001	0.9198E-03	0.1086E+00
9	-2.400000e+001	-131.134	1	1	0.0	1.000000e+000	1.000000e+000	1.000000e+000	2.000000e+001	0.8880E-03	0.1065E+00
10	-2.700000e+001	-129.238	1	1	0.0	1.000000e+000	1.000000e+000	1.000000e+000	2.000000e+001	0.8846E-03	0.1061E+00
11	-3.000000e+001	-127.427	1	1	0.0	1.000000e+000	1.000000e+000	1.000000e+000	2.000000e+001	0.8839E-03	0.1061E+00
12	-3.300000e+001	-125.691	1	1	0.0	1.000000e+000	1.000000e+000	1.000000e+000	2.000000e+001	0.8837E-03	0.1060E+00
13	-3.600000e+001	-124.026	1	1	0.0	1.000000e+000	1.000000e+000	1.000000e+000	2.000000e+001	0.8837E-03	0.1060E+00
14	-3.900000e+001	-122.423	1	1	0.0	1.000000e+000	1.000000e+000	1.000000e+000	2.000000e+001	0.8837E-03	0.1060E+00
15	-4.200000e+001	-120.877	1	1	0.0	1.000000e+000	1.000000e+000	1.000000e+000	2.000000e+001	0.8837E-03	0.1060E+00
16	-4.500000e+001	-119.380	1	1	0.0	1.000000e+000	1.000000e+000	1.000000e+000	2.000000e+001	0.8837E-03	0.1060E+00
17	-4.800000e+001	-117.919	1	1	0.0	1.000000e+000	1.000000e+000	1.000000e+000	2.000000e+001	0.8837E-03	0.1060E+00
18	-5.100000e+001	-116.488	1	1	0.0	1.000000e+000	1.000000e+000	1.000000e+000	2.000000e+001	0.8837E-03	0.1060E+00
19	-5.400000e+001	-115.081	1	1	0.0	1.000000e+000	1.000000e+000	1.000000e+000	2.000000e+001	0.8837E-03	0.1060E+00
20	-5.700000e+001	-113.697	1	1	0.0	1.000000e+000	1.000000e+000	1.000000e+000	2.000000e+001	0.8837E-03	0.1060E+00
21	-6.000000e+001	-112.329	1	1	0.0	1.000000e+000	1.000000e+000	1.000000e+000	2.000000e+001	0.8837E-03	0.1060E+00
22	-6.300000e+001	-110.976	1	1	0.0	1.000000e+000	1.000000e+000	1.000000e+000	2.000000e+001	0.8837E-03	0.1060E+00
23	-6.600000e+001	-109.633	1	1	0.0	1.000000e+000	1.000000e+000	1.000000e+000	2.000000e+001	0.8837E-03	0.1060E+00
24	-6.900000e+001	-108.298	1	1	0.0	1.000000e+000	1.000000e+000	1.000000e+000	2.000000e+001	0.8837E-03	0.1060E+00
25	-7.200000e+001	-106.969	1	1	0.0	1.000000e+000	1.000000e+000	1.000000e+000	2.000000e+001	0.8837E-03	0.1060E+00
26	-7.500000e+001	-105.641	1	1	0.0	1.000000e+000	1.000000e+000	1.000000e+000	2.000000e+001	0.8837E-03	0.1060E+00
27	-7.800000e+001	-104.314	1	1	0.0	1.000000e+000	1.000000e+000	1.000000e+000	2.000000e+001	0.8837E-03	0.1060E+00
28	-8.100000e+001	-102.984	1	1	0.0	1.000000e+000	1.000000e+000	1.000000e+000	2.000000e+001	0.8837E-03	0.1060E+00
29	-8.400000e+001	-101.650	1	1	0.0	1.000000e+000	1.000000e+000	1.000000e+000	2.000000e+001	0.8837E-03	0.1060E+00
30	-8.700000e+001	-100.310	1	1	0.0	1.000000e+000	1.000000e+000	1.000000e+000	2.000000e+001	0.8837E-03	0.1060E+00
31	-9.000000e+001	-98.961	1	1	0.0	1.000000e+000	1.000000e+000	1.000000e+000	2.000000e+001	0.8837E-03	0.1060E+00
32	-9.300000e+001	-97.603	1	1	0.0	1.000000e+000	1.000000e+000	1.000000e+000	2.000000e+001	0.8837E-03	0.1060E+00
33	-9.600000e+001	-96.233	1	1	0.0	1.000000e+000	1.000000e+000	1.000000e+000	2.000000e+001	0.8837E-03	0.1060E+00
34	-9.900000e+001	-94.847	1	1	0.0	1.000000e+000	1.000000e+000	1.000000e+000	2.000000e+001	0.8837E-03	0.1060E+00
35	-1.020000e+002	-93.436	1	1	0.0	1.000000e+000	1.000000e+000	1.000000e+000	2.000000e+001	0.8837E-03	0.1060E+00
36	-1.050000e+002	-91.995	1	1	0.0	1.000000e+000	1.000000e+000	1.000000e+000	2.000000e+001	0.8837E-03	0.1060E+00
37	-1.080000e+002	-90.524	1	1	0.0	1.000000e+000	1.000000e+000	1.000000e+000	2.000000e+001	0.8837E-03	0.1060E+00
38	-1.110000e+002	-89.024	1	1	0.0	1.000000e+000	1.000000e+000	1.000000e+000	2.000000e+001	0.8837E-03	0.1060E+00
39	-1.140000e+002	-87.492	1	1	0.0	1.000000e+000	1.000000e+000	1.000000e+000	2.000000e+001	0.8837E-03	0.1060E+00
40	-1.170000e+002	-85.931	1	1	0.0	1.000000e+000	1.000000e+000	1.000000e+000	2.000000e+001	0.8837E-03	0.1060E+00
41	-1.200000e+002	-84.339	1	1	0.0	1.000000e+000	1.000000e+000	1.000000e+000	2.000000e+001	0.8837E-03	0.1060E+00
42	-1.230000e+002	-82.716	1	1	0.0	1.000000e+000	1.000000e+000	1.000000e+000	2.000000e+001	0.8837E-03	0.1060E+00
43	-1.260000e+002	-81.064	1	1	0.0	1.000000e+000	1.000000e+000	1.000000e+000	2.000000e+001	0.8837E-03	0.1060E+00
44	-1.290000e+002	-79.382	1	1	0.0	1.000000e+000	1.000000e+000	1.000000e+000	2.000000e+001	0.8837E-03	0.1060E+00
45	-1.320000e+002	-77.671	1	1	0.0	1.000000e+000	1.000000e+000	1.000000e+000	2.000000e+001	0.8837E-03	0.1060E+00
46	-1.350000e+002	-75.931	1	1	0.0	1.000000e+000	1.000000e+000	1.000000e+000	2.000000e+001	0.8837E-03	0.1060E+00
47	-1.380000e+002	-74.157	1	1	0.0	1.000000e+000	1.000000e+000	1.000000e+000	2.000000e+001	0.8837E-03	0.1060E+00
48	-1.410000e+002	-72.343	1	1	0.0	1.000000e+000	1.000000e+000	1.000000e+000	2.000000e+001	0.8837E-03	0.1060E+00
49	-1.440000e+002	-70.490	1	1	0.0	1.000000e+000	1.000000e+000	1.000000e+000	2.000000e+001	0.8837E-03	0.1060E+00
50	-1.470000e+002	-68.600	1	1	0.0	1.000000e+000	1.000000e+000	1.000000e+000	2.000000e+001	0.8837E-03	0.1060E+00
51	-1.500000e+002	-66.673	1	1	0.0	1.000000e+000	1.000000e+000	1.000000e+000	2.000000e+001	0.8837E-03	0.1060E+00
52	-1.530000e+002	-64.712	1	1	0.0	1.000000e+000	1.000000e+000	1.000000e+000	2.000000e+001	0.8837E-03	0.1060E+00
53	-1.560000e+002	-62.718	1	1	0.0	1.000000e+000	1.000000e+000	1.000000e+000	2.000000e+001	0.8837E-03	0.1060E+00
54	-1.590000e+002	-60.692	1	1	0.0	1.000000e+000	1.000000e+000	1.000000e+000	2.000000e+001	0.8837E-03	0.1060E+00
55	-1.620000e+002	-58.632	1	1	0.0	1.000000e+000	1.000000e+000	1.000000e+000	2.000000e+001	0.8837E-03	0.1060E+00
56	-1.650000e+002	-56.535	1	1	0.0	1.000000e+000	1.000000e+000	1.000000e+000	2.000000e+001	0.8837E-03	0.1060E+00
57	-1.680000e+002	-54.401	1	1	0.0	1.000000e+000	1.000000e+000	1.000000e+000	2.000000e+001	0.8837E-03	0.1060E+00
58	-1.710000e+002	-52.233	1	1	0.0	1.000000e+000	1.000000e+000	1.000000e+000	2.000000e+001	0.8837E-03	0.1060E+00
59	-1.740000e+002	-50.032	1	1	0.0	1.000000e+000	1.000000e+000	1.000000e+000	2.000000e+001	0.8837E-03	0.1060E+00
60	-1.770000e+002	-47.801	1	1	0.0	1.000000e+000	1.000000e+000	1.000000e+000	2.000000e+001	0.8837E-03	0.1060E+00
61	-1.800000e+002	-45.538	1	1	0.0	1.000000e+000	1.000000e+000	1.000000e+000	2.000000e+001	0.8837E-03	0.1060E+00
62	-1.830000e+002	-43.240	1	1	0.0	1.000000e+000	1.000000e+000	1.000000e+000	2.000000e+001	0.8837E-03	0.1060E+00
63	-1.860000e+002	-40.911	1	1	0.0	1.000000e+000	1.000000e+000	1.000000e+000	2.000000e+001	0.8837E-03	0.1060E+00
64	-1.890000e+002	-38.552	1	1	0.0	1.000000e+000	1.000000e+000	1.000000e+000	2.000000e+001	0.8837E-03	0.1060E+00
65	-1.920000e+002	-36.163	1	1	0.0	1.000000e+000	1.000000e+000	1.000000e+000	2.000000e+001	0.8837E-03	0.1060E+00
66	-1.950000e+002	-33.745	1	1	0.0	1.000000e+000	1.000000e+000	1.000000e+000	2.000000e+001	0.8837E-03	0.1060E+00
67	-1.980000e+002	-31.297	1	1	0.0	1.000000e+000	1.000000e+000	1.000000e+000	2.000000e+001	0.8837E-03	0.1060E+00
68	-2.010000e+002	-28.821	1	1	0.0	1.000000e+000	1.000000e+000	1.000000e+000	2.000000e+001	0.8837E-03	0.1060E+00
69	-2.040000e+002	-26.318	1	1	0.0	1.000000e+000	1.000000e+000	1.000000e+000	2.000000e+001	0.8837E-03	0.1060E+00
70	-2.070000e+002	-23.788	1	1	0.0	1.000000e+000	1.000000e+000	1.000000e+000	2.000000e+001	0.8837E-03	0.1060E+00
71	-2.100000e+002	-21.232	1	1	0.0	1.000000e+000	1.000000e+000	1.000000e+000	2.000000e+001	0.8837E-03	0.1060E+00
72	-2.130000e+002	-18.649	1	1	0.0	1.000000e+000	1.000000e+000	1.000000e+000	2.000000e+001	0.8837E-03	0.1060E+00
73	-2.160000e+002	-16.042	1	1	0.0	1.000000e+000	1.000000e+000	1.000000e+000	2.000000e+001	0.8837E-03	0.1060E+00
74	-2.190000e+002	-13.409	1	1	0.0	1.000000e+000	1.000000e+000	1.000000e+000	2.000000e+001	0.8837E-03	0.1060E+00
75	-2.220000e+002	-10.751	1	1	0.0	1.000000e+000	1.000000e+000	1.000000e+000	2.000000e+001	0.8837E-03	0.1060E+00
76	-2.250000e+002	-8.068	1	1	0.0	1.000000e+000	1.000000e+000	1.000000e+000	2.000000e+001	0.8837E-03	0.1060E+00
77	-2.280000e+002	-5.360	1	1	0.0	1.000000e+000	1.000000e+000	1.000000e+000	2.000000e+001	0.8837E-03	0.1060E+00
78	-2.310000e+002	-2.624	1	1	0.0	1.000000e+000	1.000000e+000	1.000000e+000	2.000000e+001	0.8837E-03	0.1060E+00
79	-2.340000e+002	0.149	1	1	0.0	1.000000e+000	1.000000e+000	1.000000e+000	2.000000e+001	0.8837E-03	0.1060E+00
80	-2.370000e+002	2.943	1	1	0.0	1.000000e+000	1.000000e+000	1.000000e+000	2.000000e+001	0.8837E-03	0.1060E+00
81	-2.400000e+002	5.737	1	1	0.0	1.000000e+000	1.000000e+000	1.000000e+000	2.000000e+001	0.8837E-03	0.1060E+00
82	-2.430000e+002	8.531	1	1	0.0	1.000000e+000	1.000000e+000	1.000000e+000	2.000000e+001	0.8837E-03	0.1060E+00
83	-2.460000e+002	11.325	1	1	0.0	1.000000e+000	1.000000e+000	1.000000e+000	2.000000e+001	0.8837E-03	0.1060E+00
84	-2.490000e+002	14.120	1	1	0.0	1.000000e+000	1.000000e+000	1.000000e+000	2.000000e+001	0.8837E-03	0.1060E+00
85	-2.520000e+002	16.914	1	1	0.0	1.000000e+000	1.000000e+000	1.000000e+000	2.000000e+001	0.8837E-03	0.1060E+00
86	-2.550000e+002	19.708	1	1	0.0	1.000000e+000	1.000000e+000	1.000000e+000	2.000000e+001	0.8837E-03	0.1060E+00
87	-2.580000e+002	22.502	1	1	0.0	1.000000e+000	1.000000e+000	1.000000e+000	2.000000e+001	0.8837E-03	0.1060E+00
88	-2.610000e+002	25.296	1	1	0.0	1.000000e+000	1.000000e+000	1.000000e+000	2.000000e+001	0.8837E-03	0.1060E+00
89	-2.640000e+002	28.090	1	1	0.0	1.000000e+000	1.000000e+000	1.000000e+000	2.000000e+001	0.8837E-03	0.1060E+00
90	-2.670000e+002	30.884	1	1	0.0	1.000000e+000	1.000000e+000	1.000000e+000	2.000000e+001	0.8836E-03	0.1060E+00
91	-2.700000e+002	33.678	1	1	0.0	1.000000e+000	1.000000e+000	1.000000e+000	2.000000e+001	0.8836E-03	0.1060E+00
92	-2.730000e+002	36.472	1	1	0.0	1.000000e+000	1.000000e+000	1.000000e+000	2.000000e+001	0.8836E-03	0.1060E+00
93	-2.760000e+002	39.266	1	1	0.0	1.000000e+000	1.000000e+000	1.000000e+000	2.000000e+001	0.8836E-03	0.1060E+00
94	-2.790000e+002	42.060	1	1	0.0	1.000000e+000	1.000000e+000	1.000000e+000	2.000000e+001	0.8835E-03	0.1060E+00
95	-2.820000e+002	44.854	1	1	0.0	1.000000e+000	1.000000e+000	1.000000e+000	2.000000e+001	0.8834E-03	0.1060E+00
96	-2.850000e+002	47.648	1	1	0.0	1.000000e+000	1.000000e+000	1.000000e+000	2.000000e+001	0.8833E-03	0.1060E+00
97	-2.880000e+002	50.442	1	1	0.0	1.000000e+000	1.000000e+000	1.000000e+000	2.000000e+001	0.8832E-03	0.1060E+00
98	-2.910000e+002	53.236	1	1	0.0	1.000000e+000	1.000000e+000	1.000000e+000	2.000000e+001	0.8829E-03	0.1060E+00
99	-2.940000e+002	56.030	1	1	0.0	1.000000e+000	1.000000e+000	1.000000e+000	2.000000e+001	0.8824E-03	0.1059E+00
100	-2.970000e+002	58.824	1	1	0.0	1.000000e+000	1.000000e+000	1.000000e+000	2.000000e+001	0.8816E-03	0.1058E+00
101	-3.000000e+002	61.618	1	1	0.0	1.000000e+000	1.000000e+000	1.000000e+000	2.000000e+001	0.8816E-03	0.1056E+00
