1	-0.000000e+000	-207.579	1	1	0.0	1.000000e+000	1.000000e+000	1.000000e+000	2.000000e+001	0.2746E-02	0.1097E+00
2	-3.000000e+000	-204.550	1	1	0.0	1.000000e+000	1.000000e+000	1.000000e+000	2.000000e+001	0.2826E-02	0.1131E+00
3	-6.000000e+000	-201.518	1	1	0.0	1.000000e+000	1.000000e+000	1.000000e+000	2.000000e+001	0.2890E-02	0.1156E+00
4	-9.000000e+000	-198.483	1	1	1.0	1.000000e+000	1.000000e+000	1.000000e+000	2.000000e+001	0.2912E-02	0.1165E+00
5	-1.200000e+001	-195.437	1	1	1.0	1.000000e+000	1.000000e+000	1.000000e+000	2.000000e+001	0.2895E-02	0.1158E+00
6	-1.500000e+001	-192.381	1	1	1.0	1.000000e+000	1.000000e+000	1.000000e+000	2.000000e+001	0.2845E-02	0.1138E+00
7	-1.800000e+001	-189.315	1	1	1.0	1.000000e+000	1.000000e+000	1.000000e+000	2.000000e+001	0.2773E-02	0.1109E+00
8	-2.100000e+001	-186.241	1	1	1.0	1.000000e+000	1.000000e+000	1.000000e+000	2.000000e+001	0.2703E-02	0.1081E+00
9	-2.400000e+001	-183.160	1	1	0.9895831848333453	1.000000e+000	1.000000e+000	1.000000e+000	2.000000e+001	0.2640E-02	0.1056E+00
10	-2.700000e+001	-180.074	1	1	0.9374999730000022	1.000000e+000	1.000000e+000	1.000000e+000	2.000000e+001	0.2593E-02	0.1037E+00
11	-3.000000e+001	-176.982	1	1	0.885416761166659	1.000000e+000	1.000000e+000	1.000000e+000	2.000000e+001	0.2563E-02	0.1025E+00
12	-3.300000e+001	-173.887	1	1	0.8333331173333507	1.000000e+000	1.000000e+000	1.000000e+000	2.000000e+001	0.2545E-02	0.1018E+00
13	-3.600000e+001	-170.788	1	1	0.7812499055000076	1.000000e+000	1.000000e+000	1.000000e+000	2.000000e+001	0.2533E-02	0.1013E+00
14	-3.900000e+001	-167.688	1	1	0.7291666936666645	1.000000e+000	1.000000e+000	1.000000e+000	2.000000e+001	0.2528E-02	0.1011E+00
15	-4.200000e+001	-164.586	1	1	0.6770834818333215	1.000000e+000	1.000000e+000	1.000000e+000	2.000000e+001	0.2528E-02	0.1011E+00
16	-4.500000e+001	-161.484	1	1	0.624999838000013	1.000000e+000	1.000000e+000	1.000000e+000	2.000000e+001	0.2528E-02	0.1011E+00
17	-4.800000e+001	-158.381	1	1	0.5729166261666699	1.000000e+000	1.000000e+000	1.000000e+000	2.000000e+001	0.2528E-02	0.1011E+00
18	-5.100000e+001	-155.279	1	1	0.5208334143333269	1.000000e+000	1.000000e+000	1.000000e+000	2.000000e+001	0.2528E-02	0.1011E+00
19	-5.400000e+001	-152.178	1	1	0.46874977050001837	1.000000e+000	1.000000e+000	1.000000e+000	2.000000e+001	0.2528E-02	0.1011E+00
20	-5.700000e+001	-149.080	1	1	0.41666655866667535	1.000000e+000	1.000000e+000	1.000000e+000	2.000000e+001	0.2528E-02	0.1011E+00
21	-6.000000e+001	-145.985	1	1	0.36458334683333227	1.000000e+000	1.000000e+000	1.000000e+000	2.000000e+001	0.2528E-02	0.1011E+00
22	-6.300000e+001	-142.895	1	1	0.31250013499998924	1.000000e+000	1.000000e+000	1.000000e+000	2.000000e+001	0.2528E-02	0.1011E+00
23	-6.600000e+001	-139.808	1	1	0.26041649116668075	1.000000e+000	1.000000e+000	1.000000e+000	2.000000e+001	0.2528E-02	0.1011E+00
24	-6.900000e+001	-136.725	1	1	0.20833327933333767	1.000000e+000	1.000000e+000	1.000000e+000	2.000000e+001	0.2528E-02	0.1011E+00
25	-7.200000e+001	-133.647	1	1	0.15625006749999462	1.000000e+000	1.000000e+000	1.000000e+000	2.000000e+001	0.2528E-02	0.1011E+00
26	-7.500000e+001	-130.572	1	1	0.10416685566665156	1.000000e+000	1.000000e+000	1.000000e+000	2.000000e+001	0.2528E-02	0.1011E+00
27	-7.800000e+001	-127.502	1	1	0.05208321183334306	1.000000e+000	1.000000e+000	1.000000e+000	2.000000e+001	0.2528E-02	0.1011E+00
28	-8.100000e+001	-124.435	1	1	0.0	1.000000e+000	1.000000e+000	1.000000e+000	2.000000e+001	0.2528E-02	0.1011E+00
29	-8.400000e+001	-121.372	1	1	0.0	1.000000e+000	1.000000e+000	1.000000e+000	2.000000e+001	0.2528E-02	0.1011E+00
30	-8.700000e+001	-118.313	1	1	0.0	1.000000e+000	1.000000e+000	1.000000e+000	2.000000e+001	0.2528E-02	0.1011E+00
31	-9.000000e+001	-115.259	1	1	0.0	1.000000e+000	1.000000e+000	1.000000e+000	2.000000e+001	0.2528E-02	0.1011E+00
32	-9.300000e+001	-112.209	1	1	0.0	1.000000e+000	1.000000e+000	1.000000e+000	2.000000e+001	0.2528E-02	0.1011E+00
33	-9.600000e+001	-109.163	1	1	0.0	1.000000e+000	1.000000e+000	1.000000e+000	2.000000e+001	0.2528E-02	0.1011E+00
34	-9.900000e+001	-106.120	1	1	0.0	1.000000e+000	1.000000e+000	1.000000e+000	2.000000e+001	0.2528E-02	0.1011E+00
35	-1.020000e+002	-103.081	1	1	0.0	1.000000e+000	1.000000e+000	1.000000e+000	2.000000e+001	0.2528E-02	0.1011E+00
36	-1.050000e+002	-100.044	1	1	0.0	1.000000e+000	1.000000e+000	1.000000e+000	2.000000e+001	0.2528E-02	0.1011E+00
37	-1.080000e+002	-97.010	1	1	0.0	1.000000e+000	1.000000e+000	1.000000e+000	2.000000e+001	0.2528E-02	0.1011E+00
38	-1.110000e+002	-93.979	1	1	0.0	1.000000e+000	1.000000e+000	1.000000e+000	2.000000e+001	0.2528E-02	0.1011E+00
39	-1.140000e+002	-90.950	1	1	0.0	1.000000e+000	1.000000e+000	1.000000e+000	2.000000e+001	0.2528E-02	0.1011E+00
40	-1.170000e+002	-87.924	1	1	0.0	1.000000e+000	1.000000e+000	1.000000e+000	2.000000e+001	0.2528E-02	0.1011E+00
41	-1.200000e+002	-84.900	1	1	0.0	1.000000e+000	1.000000e+000	1.000000e+000	2.000000e+001	0.2528E-02	0.1011E+00
42	-1.230000e+002	-81.878	1	1	0.0	1.000000e+000	1.000000e+000	1.000000e+000	2.000000e+001	0.2528E-02	0.1011E+00
43	-1.260000e+002	-78.858	1	1	0.0	1.000000e+000	1.000000e+000	1.000000e+000	2.000000e+001	0.2528E-02	0.1011E+00
44	-1.290000e+002	-75.839	1	1	0.0	1.000000e+000	1.000000e+000	1.000000e+000	2.000000e+001	0.2528E-02	0.1011E+00
45	-1.320000e+002	-72.822	1	1	0.0	1.000000e+000	1.000000e+000	1.000000e+000	2.000000e+001	0.2528E-02	0.1011E+00
46	-1.350000e+002	-69.807	1	1	0.0	1.000000e+000	1.000000e+000	1.000000e+000	2.000000e+001	0.2528E-02	0.1011E+00
47	-1.380000e+002	-66.793	1	1	0.0	1.000000e+000	1.000000e+000	1.000000e+000	2.000000e+001	0.2528E-02	0.1011E+00
48	-1.410000e+002	-63.780	1	1	0.0	1.000000e+000	1.000000e+000	1.000000e+000	2.000000e+001	0.2528E-02	0.1011E+00
49	-1.440000e+002	-60.769	1	1	0.0	1.000000e+000	1.000000e+000	1.000000e+000	2.000000e+001	0.2528E-02	0.1011E+00
50	-1.470000e+002	-57.758	1	1	0.0	1.000000e+000	1.000000e+000	1.000000e+000	2.000000e+001	0.2528E-02	0.1011E+00
51	-1.500000e+002	-54.748	1	1	0.0	1.000000e+000	1.000000e+000	1.000000e+000	2.000000e+001	0.2528E-02	0.1011E+00
52	-1.530000e+002	-51.740	1	1	0.0	1.000000e+000	1.000000e+000	1.000000e+000	2.000000e+001	0.2528E-02	0.1011E+00
53	-1.560000e+002	-48.732	1	1	0.0	1.000000e+000	1.000000e+000	1.000000e+000	2.000000e+001	0.2528E-02	0.1011E+00
54	-1.590000e+002	-45.724	1	1	0.0	1.000000e+000	1.000000e+000	1.000000e+000	2.000000e+001	0.2528E-02	0.1011E+00
55	-1.620000e+002	-42.718	1	1	0.0	1.000000e+000	1.000000e+000	1.000000e+000	2.000000e+001	0.2528E-02	0.1011E+00
56	-1.650000e+002	-39.712	1	1	0.0	1.000000e+000	1.000000e+000	1.000000e+000	2.000000e+001	0.2528E-02	0.1011E+00
57	-1.680000e+002	-36.706	1	1	0.0	1.000000e+000	1.000000e+000	1.000000e+000	2.000000e+001	0.2528E-02	0.1011E+00
58	-1.710000e+002	-33.701	1	1	0.0	1.000000e+000	1.000000e+000	1.000000e+000	2.000000e+001	0.2528E-02	0.1011E+00
59	-1.740000e+002	-30.696	1	1	0.0	1.000000e+000	1.000000e+000	1.000000e+000	2.000000e+001	0.2528E-02	0.1011E+00
60	-1.770000e+002	-27.692	1	1	0.0	1.000000e+000	1.000000e+000	1.000000e+000	2.000000e+001	0.2528E-02	0.1011E+00
61	-1.800000e+002	-24.688	1	1	0.0	1.000000e+000	1.000000e+000	1.000000e+000	2.000000e+001	0.2528E-02	0.1011E+00
62	-1.830000e+002	-21.685	1	1	0.0	1.000000e+000	1.000000e+000	1.000000e+000	2.000000e+001	0.2528E-02	0.1011E+00
63	-1.860000e+002	-18.682	1	1	0.0	1.000000e+000	1.000000e+000	1.000000e+000	2.000000e+001	0.2528E-02	0.1011E+00
64	-1.890000e+002	-15.679	1	1	0.0	1.000000e+000	1.000000e+000	1.000000e+000	2.000000e+001	0.2528E-02	0.1011E+00
65	-1.920000e+002	-12.676	1	1	0.0	1.000000e+000	1.000000e+000	1.000000e+000	2.000000e+001	0.2528E-02	0.1011E+00
66	-1.950000e+002	-9.674	1	1	0.0	1.000000e+000	1.000000e+000	1.000000e+000	2.000000e+001	0.2528E-02	0.1011E+00
67	-1.980000e+002	-6.671	1	1	0.0	1.000000e+000	1.000000e+000	1.000000e+000	2.000000e+001	0.2528E-02	0.1011E+00
68	-2.010000e+002	-3.670	1	1	0.0	1.000000e+000	1.000000e+000	1.000000e+000	2.000000e+001	0.2528E-02	0.1011E+00
69	-2.040000e+002	-0.668	1	1	0.0	1.000000e+000	1.000000e+000	1.000000e+000	2.000000e+001	0.2528E-02	0.1011E+00
70	-2.070000e+002	2.334	1	1	0.0	1.000000e+000	1.000000e+000	1.000000e+000	2.000000e+001	0.2528E-02	0.1011E+00
71	-2.100000e+002	5.335	1	1	0.0	1.000000e+000	1.000000e+000	1.000000e+000	2.000000e+001	0.2528E-02	0.1011E+00
72	-2.130000e+002	8.337	1	1	0.0	1.000000e+000	1.000000e+000	1.000000e+000	2.000000e+001	0.2528E-02	0.1011E+00
73	-2.160000e+002	11.338	1	1	0.0	1.000000e+000	1.000000e+000	1.000000e+000	2.000000e+001	0.2528E-02	0.1011E+00
74	-2.190000e+002	14.339	1	1	0.0	1.000000e+000	1.000000e+000	1.000000e+000	2.000000e+001	0.2528E-02	0.1011E+00
75	-2.220000e+002	17.341	1	1	0.0	1.000000e+000	1.000000e+000	1.000000e+000	2.000000e+001	0.2528E-02	0.1011E+00
76	-2.250000e+002	20.342	1	1	0.0	1.000000e+000	1.000000e+000	1.000000e+000	2.000000e+001	0.2528E-02	0.1011E+00
77	-2.280000e+002	23.344	1	1	0.0	1.000000e+000	1.000000e+000	1.000000e+000	2.000000e+001	0.2528E-02	0.1011E+00
78	-2.310000e+002	26.345	1	1	0.0	1.000000e+000	1.000000e+000	1.000000e+000	2.000000e+001	0.2528E-02	0.1011E+00
79	-2.340000e+002	29.347	1	1	0.0	1.000000e+000	1.000000e+000	1.000000e+000	2.000000e+001	0.2528E-02	0.1011E+00
80	-2.370000e+002	32.348	1	1	0.0	1.000000e+000	1.000000e+000	1.000000e+000	2.000000e+001	0.2528E-02	0.1011E+00
81	-2.400000e+002	35.349	1	1	0.0	1.000000e+000	1.000000e+000	1.000000e+000	2.000000e+001	0.2528E-02	0.1011E+00
82	-2.430000e+002	38.351	1	1	0.0	1.000000e+000	1.000000e+000	1.000000e+000	2.000000e+001	0.2528E-02	0.1011E+00
83	-2.460000e+002	41.352	1	1	0.0	1.000000e+000	1.000000e+000	1.000000e+000	2.000000e+001	0.2528E-02	0.1011E+00
84	-2.490000e+002	44.354	1	1	0.0	1.000000e+000	1.000000e+000	1.000000e+000	2.000000e+001	0.2528E-02	0.1011E+00
85	-2.520000e+002	47.355	1	1	0.0	1.000000e+000	1.000000e+000	1.000000e+000	2.000000e+001	0.2528E-02	0.1011E+00
86	-2.550000e+002	50.357	1	1	0.0	1.000000e+000	1.000000e+000	1.000000e+000	2.000000e+001	0.2528E-02	0.1011E+00
87	-2.580000e+002	53.358	1	1	0.0	1.000000e+000	1.000000e+000	1.000000e+000	2.000000e+001	0.2528E-02	0.1011E+00
88	-2.610000e+002	56.360	1	1	0.0	1.000000e+000	1.000000e+000	1.000000e+000	2.000000e+001	0.2528E-02	0.1011E+00
89	-2.640000e+002	59.361	1	1	0.0	1.000000e+000	1.000000e+000	1.000000e+000	2.000000e+001	0.2528E-02	0.1011E+00
90	-2.670000e+002	62.362	1	1	0.0	1.000000e+000	1.000000e+000	1.000000e+000	2.000000e+001	0.2528E-02	0.1011E+00
91	-2.700000e+002	65.364	1	1	0.0	1.000000e+000	1.000000e+000	1.000000e+000	2.000000e+001	0.2528E-02	0.1011E+00
92	-2.730000e+002	68.365	1	1	0.0	1.000000e+000	1.000000e+000	1.000000e+000	2.000000e+001	0.2528E-02	0.1011E+00
93	-2.760000e+002	71.367	1	1	0.0	1.000000e+000	1.000000e+000	1.000000e+000	2.000000e+001	0.2528E-02	0.1011E+00
94	-2.790000e+002	74.368	1	1	0.0	1.000000e+000	1.000000e+000	1.000000e+000	2.000000e+001	0.2527E-02	0.1011E+00
95	-2.820000e+002	77.370	1	1	0.0	1.000000e+000	1.000000e+000	1.000000e+000	2.000000e+001	0.2525E-02	0.1010E+00
96	-2.850000e+002	80.371	1	1	0.0	1.000000e+000	1.000000e+000	1.000000e+000	2.000000e+001	0.2525E-02	0.1010E+00
97	-2.880000e+002	83.372	1	1	0.0	1.000000e+000	1.000000e+000	1.000000e+000	2.000000e+001	0.2525E-02	0.1010E+00
98	-2.910000e+002	86.374	1	1	0.0	1.000000e+000	1.000000e+000	1.000000e+000	2.000000e+001	0.2522E-02	0.1009E+00
99	-2.940000e+002	89.375	1	1	0.0	1.000000e+000	1.000000e+000	1.000000e+000	2.000000e+001	0.2520E-02	0.1008E+00
100	-2.970000e+002	92.377	1	1	0.0	1.000000e+000	1.000000e+000	1.000000e+000	2.000000e+001	0.2509E-02	0.1004E+00
101	-3.000000e+002	95.378	1	1	0.0	1.000000e+000	1.000000e+000	1.000000e+000	2.000000e+001	0.2479E-02	0.9917E-01
