1	-0.000000e+000	-261.591	1	1	0.0	1.000000e+000	1.000000e+000	1.000000e+000	2.000000e+001	0.2309E-04	0.1705E-02
2	-3.000000e+000	-258.004	1	1	0.0	1.000000e+000	1.000000e+000	1.000000e+000	2.000000e+001	0.2199E-04	0.1679E-02
3	-6.000000e+000	-254.336	1	1	0.0	1.000000e+000	1.000000e+000	1.000000e+000	2.000000e+001	0.2170E-04	0.1672E-02
4	-9.000000e+000	-250.607	1	1	1.0	1.000000e+000	1.000000e+000	1.000000e+000	2.000000e+001	0.2154E-04	0.1669E-02
5	-1.200000e+001	-246.820	1	1	0.62499999	1.000000e+000	1.000000e+000	1.000000e+000	2.000000e+001	0.2139E-04	0.1666E-02
6	-1.500000e+001	-242.997	1	1	0.0	1.000000e+000	1.000000e+000	1.000000e+000	2.000000e+001	0.2125E-04	0.1663E-02
7	-1.800000e+001	-239.172	1	1	0.0	1.000000e+000	1.000000e+000	1.000000e+000	2.000000e+001	0.2110E-04	0.1660E-02
8	-2.100000e+001	-235.363	1	1	0.0	1.000000e+000	1.000000e+000	1.000000e+000	2.000000e+001	0.2096E-04	0.1657E-02
9	-2.400000e+001	-231.584	1	1	0.0	1.000000e+000	1.000000e+000	1.000000e+000	2.000000e+001	0.2082E-04	0.1654E-02
10	-2.700000e+001	-227.841	1	1	0.0	1.000000e+000	1.000000e+000	1.000000e+000	2.000000e+001	0.2069E-04	0.1652E-02
11	-3.000000e+001	-224.141	1	1	0.0	1.000000e+000	1.000000e+000	1.000000e+000	2.000000e+001	0.2056E-04	0.1649E-02
12	-3.300000e+001	-220.484	1	1	0.0	1.000000e+000	1.000000e+000	1.000000e+000	2.000000e+001	0.2044E-04	0.1647E-02
13	-3.600000e+001	-216.873	1	1	0.0	1.000000e+000	1.000000e+000	1.000000e+000	2.000000e+001	0.2032E-04	0.1645E-02
14	-3.900000e+001	-213.308	1	1	0.0	1.000000e+000	1.000000e+000	1.000000e+000	2.000000e+001	0.2020E-04	0.1642E-02
15	-4.200000e+001	-209.788	1	1	0.0	1.000000e+000	1.000000e+000	1.000000e+000	2.000000e+001	0.2009E-04	0.1640E-02
16	-4.500000e+001	-206.314	1	1	0.0	1.000000e+000	1.000000e+000	1.000000e+000	2.000000e+001	0.1997E-04	0.1638E-02
17	-4.800000e+001	-202.883	1	1	0.0	1.000000e+000	1.000000e+000	1.000000e+000	2.000000e+001	0.1986E-04	0.1636E-02
18	-5.100000e+001	-199.495	1	1	0.0	1.000000e+000	1.000000e+000	1.000000e+000	2.000000e+001	0.1975E-04	0.1633E-02
19	-5.400000e+001	-196.148	1	1	0.0	1.000000e+000	1.000000e+000	1.000000e+000	2.000000e+001	0.1964E-04	0.1631E-02
20	-5.700000e+001	-192.840	1	1	0.0	1.000000e+000	1.000000e+000	1.000000e+000	2.000000e+001	0.1953E-04	0.1629E-02
21	-6.000000e+001	-189.574	1	1	0.0	1.000000e+000	1.000000e+000	1.000000e+000	2.000000e+001	0.1942E-04	0.1627E-02
22	-6.300000e+001	-186.353	1	1	0.0	1.000000e+000	1.000000e+000	1.000000e+000	2.000000e+001	0.1931E-04	0.1624E-02
23	-6.600000e+001	-183.173	1	1	0.0	1.000000e+000	1.000000e+000	1.000000e+000	2.000000e+001	0.1921E-04	0.1622E-02
24	-6.900000e+001	-180.031	1	1	0.0	1.000000e+000	1.000000e+000	1.000000e+000	2.000000e+001	0.1910E-04	0.1620E-02
25	-7.200000e+001	-176.922	1	1	0.0	1.000000e+000	1.000000e+000	1.000000e+000	2.000000e+001	0.1900E-04	0.1618E-02
26	-7.500000e+001	-173.845	1	1	0.0	1.000000e+000	1.000000e+000	1.000000e+000	2.000000e+001	0.1890E-04	0.1616E-02
27	-7.800000e+001	-170.796	1	1	0.0	1.000000e+000	1.000000e+000	1.000000e+000	2.000000e+001	0.1880E-04	0.1614E-02
28	-8.100000e+001	-167.772	1	1	0.0	1.000000e+000	1.000000e+000	1.000000e+000	2.000000e+001	0.1870E-04	0.1612E-02
29	-8.400000e+001	-164.772	1	1	0.0	1.000000e+000	1.000000e+000	1.000000e+000	2.000000e+001	0.1861E-04	0.1610E-02
30	-8.700000e+001	-161.793	1	1	0.0	1.000000e+000	1.000000e+000	1.000000e+000	2.000000e+001	0.1851E-04	0.1608E-02
31	-9.000000e+001	-158.834	1	1	0.0	1.000000e+000	1.000000e+000	1.000000e+000	2.000000e+001	0.1842E-04	0.1606E-02
32	-9.300000e+001	-155.892	1	1	0.0	1.000000e+000	1.000000e+000	1.000000e+000	2.000000e+001	0.1832E-04	0.1604E-02
33	-9.600000e+001	-152.967	1	1	0.0	1.000000e+000	1.000000e+000	1.000000e+000	2.000000e+001	0.1822E-04	0.1602E-02
34	-9.900000e+001	-150.056	1	1	0.0	1.000000e+000	1.000000e+000	1.000000e+000	2.000000e+001	0.1813E-04	0.1599E-02
35	-1.020000e+002	-147.159	1	1	0.0	1.000000e+000	1.000000e+000	1.000000e+000	2.000000e+001	0.1803E-04	0.1597E-02
36	-1.050000e+002	-144.274	1	1	0.0	1.000000e+000	1.000000e+000	1.000000e+000	2.000000e+001	0.1793E-04	0.1595E-02
37	-1.080000e+002	-141.398	1	1	0.0	1.000000e+000	1.000000e+000	1.000000e+000	2.000000e+001	0.1784E-04	0.1593E-02
38	-1.110000e+002	-138.530	1	1	0.0	1.000000e+000	1.000000e+000	1.000000e+000	2.000000e+001	0.1774E-04	0.1591E-02
39	-1.140000e+002	-135.670	1	1	0.0	1.000000e+000	1.000000e+000	1.000000e+000	2.000000e+001	0.1765E-04	0.1589E-02
40	-1.170000e+002	-132.816	1	1	0.0	1.000000e+000	1.000000e+000	1.000000e+000	2.000000e+001	0.1756E-04	0.1587E-02
41	-1.200000e+002	-129.968	1	1	0.0	1.000000e+000	1.000000e+000	1.000000e+000	2.000000e+001	0.1747E-04	0.1585E-02
42	-1.230000e+002	-127.124	1	1	0.0	1.000000e+000	1.000000e+000	1.000000e+000	2.000000e+001	0.1738E-04	0.1583E-02
43	-1.260000e+002	-124.284	1	1	0.0	1.000000e+000	1.000000e+000	1.000000e+000	2.000000e+001	0.1728E-04	0.1581E-02
44	-1.290000e+002	-121.448	1	1	0.0	1.000000e+000	1.000000e+000	1.000000e+000	2.000000e+001	0.1719E-04	0.1579E-02
45	-1.320000e+002	-118.614	1	1	0.0	1.000000e+000	1.000000e+000	1.000000e+000	2.000000e+001	0.1710E-04	0.1577E-02
46	-1.350000e+002	-115.779	1	1	0.0	1.000000e+000	1.000000e+000	1.000000e+000	2.000000e+001	0.1701E-04	0.1575E-02
47	-1.380000e+002	-112.944	1	1	0.0	1.000000e+000	1.000000e+000	1.000000e+000	2.000000e+001	0.1692E-04	0.1573E-02
48	-1.410000e+002	-110.108	1	1	0.0	1.000000e+000	1.000000e+000	1.000000e+000	2.000000e+001	0.1683E-04	0.1570E-02
49	-1.440000e+002	-107.270	1	1	0.0	1.000000e+000	1.000000e+000	1.000000e+000	2.000000e+001	0.1674E-04	0.1568E-02
50	-1.470000e+002	-104.431	1	1	0.0	1.000000e+000	1.000000e+000	1.000000e+000	2.000000e+001	0.1665E-04	0.1566E-02
51	-1.500000e+002	-101.591	1	1	0.0	1.000000e+000	1.000000e+000	1.000000e+000	2.000000e+001	0.1656E-04	0.1564E-02
52	-1.530000e+002	-98.749	1	1	0.0	1.000000e+000	1.000000e+000	1.000000e+000	2.000000e+001	0.1647E-04	0.1562E-02
53	-1.560000e+002	-95.905	1	1	0.0	1.000000e+000	1.000000e+000	1.000000e+000	2.000000e+001	0.1638E-04	0.1560E-02
54	-1.590000e+002	-93.058	1	1	0.0	1.000000e+000	1.000000e+000	1.000000e+000	2.000000e+001	0.1630E-04	0.1558E-02
55	-1.620000e+002	-90.207	1	1	0.0	1.000000e+000	1.000000e+000	1.000000e+000	2.000000e+001	0.1621E-04	0.1556E-02
56	-1.650000e+002	-87.352	1	1	0.0	1.000000e+000	1.000000e+000	1.000000e+000	2.000000e+001	0.1612E-04	0.1554E-02
57	-1.680000e+002	-84.492	1	1	0.0	1.000000e+000	1.000000e+000	1.000000e+000	2.000000e+001	0.1604E-04	0.1552E-02
58	-1.710000e+002	-81.629	1	1	0.0	1.000000e+000	1.000000e+000	1.000000e+000	2.000000e+001	0.1595E-04	0.1550E-02
59	-1.740000e+002	-78.762	1	1	0.0	1.000000e+000	1.000000e+000	1.000000e+000	2.000000e+001	0.1587E-04	0.1548E-02
60	-1.770000e+002	-75.892	1	1	0.0	1.000000e+000	1.000000e+000	1.000000e+000	2.000000e+001	0.1578E-04	0.1546E-02
61	-1.800000e+002	-73.017	1	1	0.0	1.000000e+000	1.000000e+000	1.000000e+000	2.000000e+001	0.1570E-04	0.1544E-02
62	-1.830000e+002	-70.138	1	1	0.0	1.000000e+000	1.000000e+000	1.000000e+000	2.000000e+001	0.1562E-04	0.1542E-02
63	-1.860000e+002	-67.253	1	1	0.0	1.000000e+000	1.000000e+000	1.000000e+000	2.000000e+001	0.1554E-04	0.1540E-02
64	-1.890000e+002	-64.364	1	1	0.0	1.000000e+000	1.000000e+000	1.000000e+000	2.000000e+001	0.1546E-04	0.1538E-02
65	-1.920000e+002	-61.471	1	1	0.0	1.000000e+000	1.000000e+000	1.000000e+000	2.000000e+001	0.1538E-04	0.1536E-02
66	-1.950000e+002	-58.575	1	1	0.0	1.000000e+000	1.000000e+000	1.000000e+000	2.000000e+001	0.1530E-04	0.1534E-02
67	-1.980000e+002	-55.673	1	1	0.0	1.000000e+000	1.000000e+000	1.000000e+000	2.000000e+001	0.1523E-04	0.1532E-02
68	-2.010000e+002	-52.767	1	1	0.0	1.000000e+000	1.000000e+000	1.000000e+000	2.000000e+001	0.1515E-04	0.1530E-02
69	-2.040000e+002	-49.856	1	1	0.0	1.000000e+000	1.000000e+000	1.000000e+000	2.000000e+001	0.1508E-04	0.1528E-02
70	-2.070000e+002	-46.942	1	1	0.0	1.000000e+000	1.000000e+000	1.000000e+000	2.000000e+001	0.1501E-04	0.1527E-02
71	-2.100000e+002	-44.023	1	1	0.0	1.000000e+000	1.000000e+000	1.000000e+000	2.000000e+001	0.1494E-04	0.1525E-02
72	-2.130000e+002	-41.101	1	1	0.0	1.000000e+000	1.000000e+000	1.000000e+000	2.000000e+001	0.1487E-04	0.1523E-02
73	-2.160000e+002	-38.174	1	1	0.0	1.000000e+000	1.000000e+000	1.000000e+000	2.000000e+001	0.1480E-04	0.1522E-02
74	-2.190000e+002	-35.243	1	1	0.0	1.000000e+000	1.000000e+000	1.000000e+000	2.000000e+001	0.1474E-04	0.1520E-02
75	-2.220000e+002	-32.309	1	1	0.0	1.000000e+000	1.000000e+000	1.000000e+000	2.000000e+001	0.1468E-04	0.1518E-02
76	-2.250000e+002	-29.371	1	1	0.0	1.000000e+000	1.000000e+000	1.000000e+000	2.000000e+001	0.1462E-04	0.1517E-02
77	-2.280000e+002	-26.430	1	1	0.0	1.000000e+000	1.000000e+000	1.000000e+000	2.000000e+001	0.1457E-04	0.1515E-02
78	-2.310000e+002	-23.484	1	1	0.0	1.000000e+000	1.000000e+000	1.000000e+000	2.000000e+001	0.1451E-04	0.1514E-02
79	-2.340000e+002	-20.536	1	1	0.0	1.000000e+000	1.000000e+000	1.000000e+000	2.000000e+001	0.1446E-04	0.1513E-02
80	-2.370000e+002	-17.584	1	1	0.0	1.000000e+000	1.000000e+000	1.000000e+000	2.000000e+001	0.1442E-04	0.1512E-02
81	-2.400000e+002	-14.629	1	1	0.0	1.000000e+000	1.000000e+000	1.000000e+000	2.000000e+001	0.1438E-04	0.1511E-02
82	-2.430000e+002	-11.671	1	1	0.0	1.000000e+000	1.000000e+000	1.000000e+000	2.000000e+001	0.1434E-04	0.1510E-02
83	-2.460000e+002	-8.709	1	1	0.0	1.000000e+000	1.000000e+000	1.000000e+000	2.000000e+001	0.1431E-04	0.1509E-02
84	-2.490000e+002	-5.744	1	1	0.0	1.000000e+000	1.000000e+000	1.000000e+000	2.000000e+001	0.1428E-04	0.1508E-02
85	-2.520000e+002	-2.776	1	1	0.0	1.000000e+000	1.000000e+000	1.000000e+000	2.000000e+001	0.1426E-04	0.1508E-02
86	-2.550000e+002	0.197	1	1	0.0	1.000000e+000	1.000000e+000	1.000000e+000	2.000000e+001	0.1425E-04	0.1507E-02
87	-2.580000e+002	3.173	1	1	0.0	1.000000e+000	1.000000e+000	1.000000e+000	2.000000e+001	0.1425E-04	0.1507E-02
88	-2.610000e+002	6.149	1	1	0.0	1.000000e+000	1.000000e+000	1.000000e+000	2.000000e+001	0.1425E-04	0.1507E-02
89	-2.640000e+002	9.124	1	1	0.0	1.000000e+000	1.000000e+000	1.000000e+000	2.000000e+001	0.1425E-04	0.1507E-02
90	-2.670000e+002	12.100	1	1	0.0	1.000000e+000	1.000000e+000	1.000000e+000	2.000000e+001	0.1425E-04	0.1507E-02
91	-2.700000e+002	15.075	1	1	0.0	1.000000e+000	1.000000e+000	1.000000e+000	2.000000e+001	0.1425E-04	0.1507E-02
92	-2.730000e+002	18.051	1	1	0.0	1.000000e+000	1.000000e+000	1.000000e+000	2.000000e+001	0.1425E-04	0.1507E-02
93	-2.760000e+002	21.026	1	1	0.0	1.000000e+000	1.000000e+000	1.000000e+000	2.000000e+001	0.1425E-04	0.1507E-02
94	-2.790000e+002	24.002	1	1	0.0	1.000000e+000	1.000000e+000	1.000000e+000	2.000000e+001	0.1425E-04	0.1507E-02
95	-2.820000e+002	26.978	1	1	0.0	1.000000e+000	1.000000e+000	1.000000e+000	2.000000e+001	0.1425E-04	0.1507E-02
96	-2.850000e+002	29.953	1	1	0.0	1.000000e+000	1.000000e+000	1.000000e+000	2.000000e+001	0.1425E-04	0.1507E-02
97	-2.880000e+002	32.929	1	1	0.0	1.000000e+000	1.000000e+000	1.000000e+000	2.000000e+001	0.1425E-04	0.1507E-02
98	-2.910000e+002	35.904	1	1	0.0	1.000000e+000	1.000000e+000	1.000000e+000	2.000000e+001	0.1425E-04	0.1507E-02
99	-2.940000e+002	38.880	1	1	0.0	1.000000e+000	1.000000e+000	1.000000e+000	2.000000e+001	0.1425E-04	0.1507E-02
100	-2.970000e+002	41.855	1	1	0.0	1.000000e+000	1.000000e+000	1.000000e+000	2.000000e+001	0.1425E-04	0.1507E-02
101	-3.000000e+002	44.831	1	1	0.0	1.000000e+000	1.000000e+000	1.000000e+000	2.000000e+001	0.1425E-04	0.1507E-02
