Pcp_File_Version=4
    2
    1  0.000000e+000  1.000000e+000  1.000000e+000
    2 -3.000000e+002  1.000000e+000  1.000000e+000
  101    1    1    0 x         h      Mat  Lay      Beta           Axz            Bxz            Dxz          Temp          Conc            SConc
1	-0.000000e+000	-238.489	1	1	0.0	1.000000e+000	1.000000e+000	1.000000e+000	2.000000e+001	0.2996E-02	0.1195E+00
2	-3.000000e+000	-235.310	1	1	0.0	1.000000e+000	1.000000e+000	1.000000e+000	2.000000e+001	0.3029E-02	0.1212E+00
3	-6.000000e+000	-232.171	1	1	0.0	1.000000e+000	1.000000e+000	1.000000e+000	2.000000e+001	0.3058E-02	0.1223E+00
4	-9.000000e+000	-229.069	1	1	1.0	1.000000e+000	1.000000e+000	1.000000e+000	2.000000e+001	0.3057E-02	0.1223E+00
5	-1.200000e+001	-225.996	1	1	1.0	1.000000e+000	1.000000e+000	1.000000e+000	2.000000e+001	0.3021E-02	0.1209E+00
6	-1.500000e+001	-222.950	1	1	0.7499999774999998	1.000000e+000	1.000000e+000	1.000000e+000	2.000000e+001	0.2910E-02	0.1164E+00
7	-1.800000e+001	-219.929	1	1	0.5000000450000004	1.000000e+000	1.000000e+000	1.000000e+000	2.000000e+001	0.2722E-02	0.1089E+00
8	-2.100000e+001	-216.935	1	1	0.2500000225000002	1.000000e+000	1.000000e+000	1.000000e+000	2.000000e+001	0.2601E-02	0.1040E+00
9	-2.400000e+001	-213.967	1	1	0.0	1.000000e+000	1.000000e+000	1.000000e+000	2.000000e+001	0.2551E-02	0.1020E+00
10	-2.700000e+001	-211.025	1	1	0.0	1.000000e+000	1.000000e+000	1.000000e+000	2.000000e+001	0.2535E-02	0.1014E+00
11	-3.000000e+001	-208.107	1	1	0.0	1.000000e+000	1.000000e+000	1.000000e+000	2.000000e+001	0.2530E-02	0.1012E+00
12	-3.300000e+001	-205.214	1	1	0.0	1.000000e+000	1.000000e+000	1.000000e+000	2.000000e+001	0.2528E-02	0.1011E+00
13	-3.600000e+001	-202.343	1	1	0.0	1.000000e+000	1.000000e+000	1.000000e+000	2.000000e+001	0.2528E-02	0.1011E+00
14	-3.900000e+001	-199.496	1	1	0.0	1.000000e+000	1.000000e+000	1.000000e+000	2.000000e+001	0.2528E-02	0.1011E+00
15	-4.200000e+001	-196.669	1	1	0.0	1.000000e+000	1.000000e+000	1.000000e+000	2.000000e+001	0.2528E-02	0.1011E+00
16	-4.500000e+001	-193.864	1	1	0.0	1.000000e+000	1.000000e+000	1.000000e+000	2.000000e+001	0.2528E-02	0.1011E+00
17	-4.800000e+001	-191.079	1	1	0.0	1.000000e+000	1.000000e+000	1.000000e+000	2.000000e+001	0.2528E-02	0.1011E+00
18	-5.100000e+001	-188.314	1	1	0.0	1.000000e+000	1.000000e+000	1.000000e+000	2.000000e+001	0.2528E-02	0.1011E+00
19	-5.400000e+001	-185.565	1	1	0.0	1.000000e+000	1.000000e+000	1.000000e+000	2.000000e+001	0.2528E-02	0.1011E+00
20	-5.700000e+001	-182.833	1	1	0.0	1.000000e+000	1.000000e+000	1.000000e+000	2.000000e+001	0.2528E-02	0.1011E+00
21	-6.000000e+001	-180.115	1	1	0.0	1.000000e+000	1.000000e+000	1.000000e+000	2.000000e+001	0.2528E-02	0.1011E+00
22	-6.300000e+001	-177.411	1	1	0.0	1.000000e+000	1.000000e+000	1.000000e+000	2.000000e+001	0.2528E-02	0.1011E+00
23	-6.600000e+001	-174.718	1	1	0.0	1.000000e+000	1.000000e+000	1.000000e+000	2.000000e+001	0.2528E-02	0.1011E+00
24	-6.900000e+001	-172.037	1	1	0.0	1.000000e+000	1.000000e+000	1.000000e+000	2.000000e+001	0.2528E-02	0.1011E+00
25	-7.200000e+001	-169.366	1	1	0.0	1.000000e+000	1.000000e+000	1.000000e+000	2.000000e+001	0.2528E-02	0.1011E+00
26	-7.500000e+001	-166.704	1	1	0.0	1.000000e+000	1.000000e+000	1.000000e+000	2.000000e+001	0.2528E-02	0.1011E+00
27	-7.800000e+001	-164.051	1	1	0.0	1.000000e+000	1.000000e+000	1.000000e+000	2.000000e+001	0.2528E-02	0.1011E+00
28	-8.100000e+001	-161.404	1	1	0.0	1.000000e+000	1.000000e+000	1.000000e+000	2.000000e+001	0.2528E-02	0.1011E+00
29	-8.400000e+001	-158.765	1	1	0.0	1.000000e+000	1.000000e+000	1.000000e+000	2.000000e+001	0.2528E-02	0.1011E+00
30	-8.700000e+001	-156.131	1	1	0.0	1.000000e+000	1.000000e+000	1.000000e+000	2.000000e+001	0.2528E-02	0.1011E+00
31	-9.000000e+001	-153.502	1	1	0.0	1.000000e+000	1.000000e+000	1.000000e+000	2.000000e+001	0.2528E-02	0.1011E+00
32	-9.300000e+001	-150.875	1	1	0.0	1.000000e+000	1.000000e+000	1.000000e+000	2.000000e+001	0.2528E-02	0.1011E+00
33	-9.600000e+001	-148.248	1	1	0.0	1.000000e+000	1.000000e+000	1.000000e+000	2.000000e+001	0.2528E-02	0.1011E+00
34	-9.900000e+001	-145.618	1	1	0.0	1.000000e+000	1.000000e+000	1.000000e+000	2.000000e+001	0.2528E-02	0.1011E+00
35	-1.020000e+002	-142.985	1	1	0.0	1.000000e+000	1.000000e+000	1.000000e+000	2.000000e+001	0.2528E-02	0.1011E+00
36	-1.050000e+002	-140.349	1	1	0.0	1.000000e+000	1.000000e+000	1.000000e+000	2.000000e+001	0.2528E-02	0.1011E+00
37	-1.080000e+002	-137.709	1	1	0.0	1.000000e+000	1.000000e+000	1.000000e+000	2.000000e+001	0.2528E-02	0.1011E+00
38	-1.110000e+002	-135.065	1	1	0.0	1.000000e+000	1.000000e+000	1.000000e+000	2.000000e+001	0.2528E-02	0.1011E+00
39	-1.140000e+002	-132.418	1	1	0.0	1.000000e+000	1.000000e+000	1.000000e+000	2.000000e+001	0.2528E-02	0.1011E+00
40	-1.170000e+002	-129.766	1	1	0.0	1.000000e+000	1.000000e+000	1.000000e+000	2.000000e+001	0.2528E-02	0.1011E+00
41	-1.200000e+002	-127.111	1	1	0.0	1.000000e+000	1.000000e+000	1.000000e+000	2.000000e+001	0.2528E-02	0.1011E+00
42	-1.230000e+002	-124.451	1	1	0.0	1.000000e+000	1.000000e+000	1.000000e+000	2.000000e+001	0.2528E-02	0.1011E+00
43	-1.260000e+002	-121.787	1	1	0.0	1.000000e+000	1.000000e+000	1.000000e+000	2.000000e+001	0.2528E-02	0.1011E+00
44	-1.290000e+002	-119.117	1	1	0.0	1.000000e+000	1.000000e+000	1.000000e+000	2.000000e+001	0.2528E-02	0.1011E+00
45	-1.320000e+002	-116.438	1	1	0.0	1.000000e+000	1.000000e+000	1.000000e+000	2.000000e+001	0.2528E-02	0.1011E+00
46	-1.350000e+002	-113.750	1	1	0.0	1.000000e+000	1.000000e+000	1.000000e+000	2.000000e+001	0.2528E-02	0.1011E+00
47	-1.380000e+002	-111.052	1	1	0.0	1.000000e+000	1.000000e+000	1.000000e+000	2.000000e+001	0.2528E-02	0.1011E+00
48	-1.410000e+002	-108.346	1	1	0.0	1.000000e+000	1.000000e+000	1.000000e+000	2.000000e+001	0.2528E-02	0.1011E+00
49	-1.440000e+002	-105.632	1	1	0.0	1.000000e+000	1.000000e+000	1.000000e+000	2.000000e+001	0.2528E-02	0.1011E+00
50	-1.470000e+002	-102.909	1	1	0.0	1.000000e+000	1.000000e+000	1.000000e+000	2.000000e+001	0.2528E-02	0.1011E+00
51	-1.500000e+002	-100.180	1	1	0.0	1.000000e+000	1.000000e+000	1.000000e+000	2.000000e+001	0.2528E-02	0.1011E+00
52	-1.530000e+002	-97.443	1	1	0.0	1.000000e+000	1.000000e+000	1.000000e+000	2.000000e+001	0.2528E-02	0.1011E+00
53	-1.560000e+002	-94.699	1	1	0.0	1.000000e+000	1.000000e+000	1.000000e+000	2.000000e+001	0.2528E-02	0.1011E+00
54	-1.590000e+002	-91.946	1	1	0.0	1.000000e+000	1.000000e+000	1.000000e+000	2.000000e+001	0.2528E-02	0.1011E+00
55	-1.620000e+002	-89.183	1	1	0.0	1.000000e+000	1.000000e+000	1.000000e+000	2.000000e+001	0.2528E-02	0.1011E+00
56	-1.650000e+002	-86.410	1	1	0.0	1.000000e+000	1.000000e+000	1.000000e+000	2.000000e+001	0.2528E-02	0.1011E+00
57	-1.680000e+002	-83.629	1	1	0.0	1.000000e+000	1.000000e+000	1.000000e+000	2.000000e+001	0.2528E-02	0.1011E+00
58	-1.710000e+002	-80.839	1	1	0.0	1.000000e+000	1.000000e+000	1.000000e+000	2.000000e+001	0.2528E-02	0.1011E+00
59	-1.740000e+002	-78.043	1	1	0.0	1.000000e+000	1.000000e+000	1.000000e+000	2.000000e+001	0.2528E-02	0.1011E+00
60	-1.770000e+002	-75.239	1	1	0.0	1.000000e+000	1.000000e+000	1.000000e+000	2.000000e+001	0.2528E-02	0.1011E+00
61	-1.800000e+002	-72.426	1	1	0.0	1.000000e+000	1.000000e+000	1.000000e+000	2.000000e+001	0.2528E-02	0.1011E+00
62	-1.830000e+002	-69.605	1	1	0.0	1.000000e+000	1.000000e+000	1.000000e+000	2.000000e+001	0.2528E-02	0.1011E+00
63	-1.860000e+002	-66.776	1	1	0.0	1.000000e+000	1.000000e+000	1.000000e+000	2.000000e+001	0.2528E-02	0.1011E+00
64	-1.890000e+002	-63.939	1	1	0.0	1.000000e+000	1.000000e+000	1.000000e+000	2.000000e+001	0.2528E-02	0.1011E+00
65	-1.920000e+002	-61.095	1	1	0.0	1.000000e+000	1.000000e+000	1.000000e+000	2.000000e+001	0.2528E-02	0.1011E+00
66	-1.950000e+002	-58.245	1	1	0.0	1.000000e+000	1.000000e+000	1.000000e+000	2.000000e+001	0.2528E-02	0.1011E+00
67	-1.980000e+002	-55.387	1	1	0.0	1.000000e+000	1.000000e+000	1.000000e+000	2.000000e+001	0.2528E-02	0.1011E+00
68	-2.010000e+002	-52.522	1	1	0.0	1.000000e+000	1.000000e+000	1.000000e+000	2.000000e+001	0.2528E-02	0.1011E+00
69	-2.040000e+002	-49.650	1	1	0.0	1.000000e+000	1.000000e+000	1.000000e+000	2.000000e+001	0.2528E-02	0.1011E+00
70	-2.070000e+002	-46.772	1	1	0.0	1.000000e+000	1.000000e+000	1.000000e+000	2.000000e+001	0.2528E-02	0.1011E+00
71	-2.100000e+002	-43.888	1	1	0.0	1.000000e+000	1.000000e+000	1.000000e+000	2.000000e+001	0.2528E-02	0.1011E+00
72	-2.130000e+002	-40.997	1	1	0.0	1.000000e+000	1.000000e+000	1.000000e+000	2.000000e+001	0.2528E-02	0.1011E+00
73	-2.160000e+002	-38.101	1	1	0.0	1.000000e+000	1.000000e+000	1.000000e+000	2.000000e+001	0.2528E-02	0.1011E+00
74	-2.190000e+002	-35.199	1	1	0.0	1.000000e+000	1.000000e+000	1.000000e+000	2.000000e+001	0.2528E-02	0.1011E+00
75	-2.220000e+002	-32.291	1	1	0.0	1.000000e+000	1.000000e+000	1.000000e+000	2.000000e+001	0.2528E-02	0.1011E+00
76	-2.250000e+002	-29.378	1	1	0.0	1.000000e+000	1.000000e+000	1.000000e+000	2.000000e+001	0.2528E-02	0.1011E+00
77	-2.280000e+002	-26.460	1	1	0.0	1.000000e+000	1.000000e+000	1.000000e+000	2.000000e+001	0.2528E-02	0.1011E+00
78	-2.310000e+002	-23.537	1	1	0.0	1.000000e+000	1.000000e+000	1.000000e+000	2.000000e+001	0.2528E-02	0.1011E+00
79	-2.340000e+002	-20.609	1	1	0.0	1.000000e+000	1.000000e+000	1.000000e+000	2.000000e+001	0.2528E-02	0.1011E+00
80	-2.370000e+002	-17.676	1	1	0.0	1.000000e+000	1.000000e+000	1.000000e+000	2.000000e+001	0.2528E-02	0.1011E+00
81	-2.400000e+002	-14.739	1	1	0.0	1.000000e+000	1.000000e+000	1.000000e+000	2.000000e+001	0.2528E-02	0.1011E+00
82	-2.430000e+002	-11.797	1	1	0.0	1.000000e+000	1.000000e+000	1.000000e+000	2.000000e+001	0.2528E-02	0.1011E+00
83	-2.460000e+002	-8.850	1	1	0.0	1.000000e+000	1.000000e+000	1.000000e+000	2.000000e+001	0.2528E-02	0.1011E+00
84	-2.490000e+002	-5.900	1	1	0.0	1.000000e+000	1.000000e+000	1.000000e+000	2.000000e+001	0.2528E-02	0.1011E+00
85	-2.520000e+002	-2.944	1	1	0.0	1.000000e+000	1.000000e+000	1.000000e+000	2.000000e+001	0.2528E-02	0.1011E+00
86	-2.550000e+002	0.019	1	1	0.0	1.000000e+000	1.000000e+000	1.000000e+000	2.000000e+001	0.2528E-02	0.1011E+00
87	-2.580000e+002	2.985	1	1	0.0	1.000000e+000	1.000000e+000	1.000000e+000	2.000000e+001	0.2528E-02	0.1011E+00
88	-2.610000e+002	5.951	1	1	0.0	1.000000e+000	1.000000e+000	1.000000e+000	2.000000e+001	0.2528E-02	0.1011E+00
89	-2.640000e+002	8.917	1	1	0.0	1.000000e+000	1.000000e+000	1.000000e+000	2.000000e+001	0.2528E-02	0.1011E+00
90	-2.670000e+002	11.883	1	1	0.0	1.000000e+000	1.000000e+000	1.000000e+000	2.000000e+001	0.2528E-02	0.1011E+00
91	-2.700000e+002	14.849	1	1	0.0	1.000000e+000	1.000000e+000	1.000000e+000	2.000000e+001	0.2528E-02	0.1011E+00
92	-2.730000e+002	17.815	1	1	0.0	1.000000e+000	1.000000e+000	1.000000e+000	2.000000e+001	0.2528E-02	0.1011E+00
93	-2.760000e+002	20.781	1	1	0.0	1.000000e+000	1.000000e+000	1.000000e+000	2.000000e+001	0.2528E-02	0.1011E+00
94	-2.790000e+002	23.747	1	1	0.0	1.000000e+000	1.000000e+000	1.000000e+000	2.000000e+001	0.2527E-02	0.1011E+00
95	-2.820000e+002	26.713	1	1	0.0	1.000000e+000	1.000000e+000	1.000000e+000	2.000000e+001	0.2525E-02	0.1010E+00
96	-2.850000e+002	29.679	1	1	0.0	1.000000e+000	1.000000e+000	1.000000e+000	2.000000e+001	0.2525E-02	0.1010E+00
97	-2.880000e+002	32.645	1	1	0.0	1.000000e+000	1.000000e+000	1.000000e+000	2.000000e+001	0.2525E-02	0.1010E+00
98	-2.910000e+002	35.612	1	1	0.0	1.000000e+000	1.000000e+000	1.000000e+000	2.000000e+001	0.2523E-02	0.1009E+00
99	-2.940000e+002	38.578	1	1	0.0	1.000000e+000	1.000000e+000	1.000000e+000	2.000000e+001	0.2520E-02	0.1008E+00
100	-2.970000e+002	41.544	1	1	0.0	1.000000e+000	1.000000e+000	1.000000e+000	2.000000e+001	0.2516E-02	0.1006E+00
101	-3.000000e+002	44.510	1	1	0.0	1.000000e+000	1.000000e+000	1.000000e+000	2.000000e+001	0.2516E-02	0.1006E+00
    3
    1    8   14
